60
8
80
5
5
43
40
45
12
1
49
0 1 259 97
0 2 282 6
0 3 158 67
0 4 202 48
0 5 40 84
0 6 221 11
0 7 245 51
0 8 176 28
0 9 196 37
0 10 30 82
0 11 148 93
0 12 122 17
0 13 168 40
0 14 186 30
0 15 43 34
0 16 222 94
0 17 320 61
0 18 239 40
0 19 105 92
0 20 246 62
0 21 247 19
0 22 284 2
0 23 77 98
0 24 279 63
0 25 107 13
0 26 227 55
0 27 246 3
0 28 148 36
0 29 9 10
0 30 275 9
0 31 191 13
0 32 214 90
0 33 133 48
0 34 271 48
0 35 183 11
0 36 229 34
0 37 201 94
0 38 129 38
0 39 222 93
0 40 172 5
0 41 40 74
0 42 15 15
0 43 183 30
0 44 294 26
0 45 121 60
0 46 126 97
0 47 57 41
0 48 219 30
0 49 47 14
0 50 222 14
0 51 231 35
0 52 238 89
0 53 114 12
0 54 162 24
0 55 119 32
0 56 103 31
0 57 13 81
0 58 259 85
0 59 237 12
1 2 57 54
1 3 151 24
1 4 198 58
1 5 286 24
1 6 246 18
1 7 70 26
1 8 204 25
1 9 256 36
1 10 268 22
1 11 199 27
1 12 296 21
1 13 288 85
1 14 312 29
1 15 264 67
1 16 103 60
1 17 177 73
1 18 24 45
1 19 272 98
1 20 177 83
1 21 12 10
1 22 197 52
1 23 181 20
1 24 43 37
1 25 225 30
1 26 312 53
1 27 174 55
1 28 129 83
1 29 252 24
1 30 138 79
1 31 69 33
1 32 243 39
1 33 128 34
1 34 106 88
1 35 300 99
1 36 37 41
1 37 91 88
1 38 237 79
1 39 306 92
1 40 86 86
1 41 264 62
1 42 243 23
1 43 249 6
1 44 101 93
1 45 163 66
1 46 141 85
1 47 276 7
1 48 93 38
1 49 238 77
1 50 219 23
1 51 73 52
1 52 98 22
1 53 204 30
1 54 108 72
1 55 166 6
1 56 174 72
1 57 271 69
1 58 129 3
1 59 77 62
2 3 147 80
2 4 175 20
2 5 314 13
2 6 221 79
2 7 127 96
2 8 188 46
2 9 237 31
2 10 286 77
2 11 192 13
2 12 296 80
2 13 278 45
2 14 300 83
2 15 295 2
2 16 80 80
2 17 123 36
2 18 55 80
2 19 274 95
2 20 141 81
2 21 57 60
2 22 152 84
2 23 206 55
2 24 14 20
2 25 226 7
2 26 291 18
2 27 138 81
2 28 138 11
2 29 275 21
2 30 91 86
2 31 109 89
2 32 219 81
2 33 161 99
2 34 59 88
2 35 287 32
2 36 89 13
2 37 144 6
2 38 233 90
2 39 285 47
2 40 114 10
2 41 295 69
2 42 267 47
2 43 232 43
2 44 46 16
2 45 171 8
2 46 157 9
2 47 288 2
2 48 149 7
2 49 270 83
2 50 191 25
2 51 129 62
2 52 67 26
2 53 205 100
2 54 120 28
2 55 173 53
2 56 185 3
2 57 294 35
2 58 87 29
2 59 53 77
3 4 68 82
3 5 197 73
3 6 112 34
3 7 182 76
3 8 58 46
3 9 111 59
3 10 151 97
3 11 48 77
3 12 149 39
3 13 136 37
3 14 161 98
3 15 186 58
3 16 70 92
3 17 162 93
3 18 127 47
3 19 127 81
3 20 93 49
3 21 140 71
3 22 131 18
3 23 98 5
3 24 150 65
3 25 79 14
3 26 166 37
3 27 92 17
3 28 35 81
3 29 148 57
3 30 117 98
3 31 114 55
3 32 107 18
3 33 100 62
3 34 118 41
3 35 149 55
3 36 142 60
3 37 158 85
3 38 86 2
3 39 160 68
3 40 87 65
3 41 184 6
3 42 145 79
3 43 101 58
3 44 144 78
3 45 37 38
3 46 53 35
3 47 147 74
3 48 177 85
3 49 166 43
3 50 94 59
3 51 172 64
3 52 87 57
3 53 58 36
3 54 52 24
3 55 39 52
3 56 56 76
3 57 166 76
3 58 102 98
3 59 94 19
4 5 243 77
4 6 48 57
4 7 242 49
4 8 28 1
4 9 62 83
4 10 187 35
4 11 54 70
4 12 147 60
4 13 110 29
4 14 129 70
4 15 238 62
4 16 96 54
4 17 135 82
4 18 175 50
4 19 134 24
4 20 53 97
4 21 187 54
4 22 86 22
4 23 159 80
4 24 182 29
4 25 98 72
4 26 116 46
4 27 55 31
4 28 103 88
4 29 192 41
4 30 107 83
4 31 176 68
4 32 45 4
4 33 168 6
4 34 125 95
4 35 116 41
4 36 198 27
4 37 222 16
4 38 87 66
4 39 110 26
4 40 150 77
4 41 235 27
4 42 193 21
4 43 60 100
4 44 153 34
4 45 98 8
4 46 120 35
4 47 173 47
4 48 241 46
4 49 222 1
4 50 26 65
4 51 233 20
4 52 107 82
4 53 88 31
4 54 116 38
4 55 98 97
4 56 113 94
4 57 208 92
4 58 98 66
4 59 125 46
5 6 262 20
5 7 263 45
5 8 216 61
5 9 235 89
5 10 64 23
5 11 189 6
5 12 154 37
5 13 204 68
5 14 221 68
5 15 26 83
5 16 258 16
5 17 359 15
5 18 268 84
5 19 141 85
5 20 286 12
5 21 275 26
5 22 324 24
5 23 108 22
5 24 310 46
5 25 148 7
5 26 264 98
5 27 286 92
5 28 183 95
5 29 50 1
5 30 313 8
5 31 217 52
5 32 255 34
5 33 158 12
5 34 307 65
5 35 219 75
5 36 254 24
5 37 218 53
5 38 169 4
5 39 260 16
5 40 201 82
5 41 24 43
5 42 51 91
5 43 223 27
5 44 329 89
5 45 160 35
5 46 160 44
5 47 89 93
5 48 235 31
5 49 50 8
5 50 263 90
5 51 249 94
5 52 275 37
5 53 155 15
5 54 196 31
5 55 158 67
5 56 141 45
5 57 38 63
5 58 297 10
5 59 272 61
6 7 290 82
6 8 55 68
6 9 33 7
6 10 200 38
6 11 80 92
6 12 138 16
6 13 88 83
6 14 98 78
6 15 261 92
6 16 144 5
6 17 160 80
6 18 224 77
6 19 133 7
6 20 85 74
6 21 236 83
6 22 103 83
6 23 192 85
6 24 229 6
6 25 113 55
6 26 72 39
6 27 88 38
6 28 148 80
6 29 212 86
6 30 144 94
6 31 224 14
6 32 7 83
6 33 211 84
6 34 167 66
6 35 86 89
6 36 247 6
6 37 269 29
6 38 93 21
6 39 67 49
6 40 198 2
6 41 258 16
6 42 215 63
6 43 41 16
6 44 194 44
6 45 135 45
6 46 161 33
6 47 181 32
6 48 288 64
6 49 249 18
6 50 29 9
6 51 282 48
6 52 153 15
6 53 112 24
6 54 163 34
6 55 134 32
6 56 147 57
6 57 224 42
6 58 138 70
6 59 172 92
7 8 240 12
7 9 293 97
7 10 261 70
7 11 228 48
7 12 310 50
7 13 315 4
7 14 340 34
7 15 238 32
7 16 157 57
7 17 245 38
7 18 79 74
7 19 285 24
7 20 233 5
7 21 71 76
7 22 258 17
7 23 173 43
7 24 113 57
7 25 241 6
7 26 349 72
7 27 230 92
7 28 150 81
7 29 241 85
7 30 202 20
7 31 68 61
7 32 286 33
7 33 115 29
7 34 173 31
7 35 329 4
7 36 45 43
7 37 44 37
7 38 259 57
7 39 343 97
7 40 97 94
7 41 240 19
7 42 230 77
7 43 283 20
7 44 171 97
7 45 179 71
7 46 151 81
7 47 275 55
7 48 32 3
7 49 213 56
7 50 266 84
7 51 14 84
7 52 157 68
7 53 222 43
7 54 130 14
7 55 182 74
7 56 183 26
7 57 258 79
7 58 191 3
7 59 136 8
8 9 53 20
8 10 159 66
8 11 27 52
8 12 121 3
8 13 90 19
8 14 111 75
8 15 212 62
8 16 108 89
8 17 162 57
8 18 180 29
8 19 106 94
8 20 80 13
8 21 193 39
8 22 114 98
8 23 138 10
8 24 194 26
8 25 70 100
8 26 109 25
8 27 82 45
8 28 93 94
8 29 166 1
8 30 130 6
8 31 173 13
8 32 49 75
8 33 156 99
8 34 144 95
8 35 98 48
8 36 199 59
8 37 216 48
8 38 59 56
8 39 102 86
8 40 145 43
8 41 210 11
8 42 167 87
8 43 44 30
8 44 172 76
8 45 79 9
8 46 106 23
8 47 145 73
8 48 236 56
8 49 198 35
8 50 47 70
8 51 231 72
8 52 121 1
8 53 61 68
8 54 111 74
8 55 79 56
8 56 92 3
8 57 181 64
8 58 119 7
8 59 136 90
9 10 173 24
9 11 68 59
9 12 105 6
9 13 55 32
9 14 68 60
9 15 237 3
9 16 157 1
9 17 190 21
9 18 233 65
9 19 101 86
9 20 110 63
9 21 245 63
9 22 134 49
9 23 176 97
9 24 244 96
9 25 90 58
9 26 56 48
9 27 113 28
9 28 145 8
9 29 186 54
9 30 168 63
9 31 225 15
9 32 28 92
9 33 204 59
9 34 188 28
9 35 55 17
9 36 252 29
9 37 268 64
9 38 67 88
9 39 49 96
9 40 198 50
9 41 234 45
9 42 191 91
9 43 13 34
9 44 215 14
9 45 125 45
9 46 154 63
9 47 151 88
9 48 287 61
9 49 227 40
9 50 56 92
9 51 283 52
9 52 169 9
9 53 93 38
9 54 163 36
9 55 124 12
9 56 133 82
9 57 197 39
9 58 160 93
9 59 186 43
10 11 133 46
10 12 92 50
10 13 140 40
10 14 157 56
10 15 73 51
10 16 219 56
10 17 311 30
10 18 247 21
10 19 77 36
10 20 234 81
10 21 256 56
10 22 271 97
10 23 89 59
10 24 284 15
10 25 89 74
10 26 200 28
10 27 235 2
10 28 148 91
10 29 26 5
10 30 268 23
10 31 203 75
10 32 193 52
10 33 147 11
10 34 268 74
10 35 155 12
10 36 241 72
10 37 219 72
10 38 107 75
10 39 196 46
10 40 181 61
10 41 69 11
10 42 38 87
10 43 160 36
10 44 293 91
10 45 117 55
10 46 129 84
10 47 27 100
10 48 238 95
10 49 77 55
10 50 205 61
10 51 247 80
10 52 236 78
10 53 100 47
10 54 166 51
10 55 115 76
10 56 101 62
10 57 26 13
10 58 253 36
10 59 238 9
11 12 106 64
11 13 88 71
11 14 112 78
11 15 185 74
11 16 112 84
11 17 182 53
11 18 175 98
11 19 87 66
11 20 102 75
11 21 188 22
11 22 138 42
11 23 112 97
11 24 195 80
11 25 45 16
11 26 122 57
11 27 103 45
11 28 78 62
11 29 138 4
11 30 145 81
11 31 160 58
11 32 74 19
11 33 135 2
11 34 154 45
11 35 101 41
11 36 190 38
11 37 200 81
11 38 41 7
11 39 116 43
11 40 132 90
11 41 182 41
11 42 139 85
11 43 57 67
11 44 182 83
11 45 56 21
11 46 85 74
11 47 120 82
11 48 220 83
11 49 170 40
11 50 74 49
11 51 218 35
11 52 127 90
11 53 34 8
11 54 98 7
11 55 55 3
11 56 66 73
11 57 154 54
11 58 132 35
11 59 139 82
12 13 56 99
12 14 68 14
12 15 165 83
12 16 218 37
12 17 283 36
12 18 272 19
12 19 25 75
12 20 201 60
12 21 284 40
12 22 232 93
12 23 147 46
12 24 299 93
12 25 71 44
12 26 114 7
12 27 203 56
12 28 166 11
12 29 115 85
12 30 250 29
12 31 243 95
12 32 133 61
12 33 198 14
12 34 261 66
12 35 69 43
12 36 279 75
12 37 273 5
12 38 64 2
12 39 111 27
12 40 216 58
12 41 161 79
12 42 124 99
12 43 97 10
12 44 288 12
12 45 133 40
12 46 159 52
12 47 64 51
12 48 293 30
12 49 166 100
12 50 155 85
12 51 297 24
12 52 234 46
12 53 92 11
12 54 188 53
12 55 130 22
12 56 126 91
12 57 117 90
12 58 238 33
12 59 243 18
13 14 25 26
13 15 211 73
13 16 197 27
13 17 243 28
13 18 264 73
13 19 63 67
13 20 162 6
13 21 277 33
13 22 188 4
13 23 171 62
13 24 283 34
13 25 79 18
13 26 60 96
13 27 165 91
13 28 164 47
13 29 159 99
13 30 217 91
13 31 246 12
13 32 83 2
13 33 212 83
13 34 234 21
13 35 16 22
13 36 278 38
13 37 283 1
13 38 57 54
13 39 56 99
13 40 218 94
13 41 207 51
13 42 167 53
13 43 51 51
13 44 262 88
13 45 136 21
13 46 165 87
13 47 115 70
13 48 304 16
13 49 207 63
13 50 110 65
13 51 303 46
13 52 211 2
13 53 94 21
13 54 185 39
13 55 133 69
13 56 137 27
13 57 166 89
13 58 207 13
13 59 225 12
14 15 230 90
14 16 219 75
14 17 258 18
14 18 288 27
14 19 81 67
14 20 179 93
14 21 300 98
14 22 202 63
14 23 195 14
14 24 305 99
14 25 104 34
14 26 49 4
14 27 181 14
14 28 189 69
14 29 179 62
14 30 235 21
14 31 271 88
14 32 95 65
14 33 237 31
14 34 254 72
14 35 13 48
14 36 302 21
14 37 308 64
14 38 82 24
14 39 48 93
14 40 243 23
14 41 226 11
14 42 187 46
14 43 69 93
14 44 282 63
14 45 161 87
14 46 190 27
14 47 131 34
14 48 329 46
14 49 227 12
14 50 124 53
14 51 328 6
14 52 232 11
14 53 119 75
14 54 210 2
14 55 158 49
14 56 162 62
14 57 183 65
14 58 227 41
14 59 247 44
15 16 243 33
15 17 347 23
15 18 247 31
15 19 148 44
15 20 278 33
15 21 254 85
15 22 316 95
15 23 92 72
15 24 290 42
15 25 147 15
15 26 270 71
15 27 277 64
15 28 169 49
15 29 51 55
15 30 300 74
15 31 195 17
15 32 254 54
15 33 136 35
15 34 292 47
15 35 227 6
15 36 231 12
15 37 193 90
15 38 170 87
15 39 265 99
15 40 181 20
15 41 3 50
15 42 46 35
15 43 224 47
15 44 313 60
15 45 148 59
15 46 145 82
15 47 100 99
15 48 209 49
15 49 26 69
15 50 260 60
15 51 224 48
15 52 259 75
15 53 151 85
15 54 179 58
15 55 147 76
15 56 130 21
15 57 48 24
15 58 284 60
15 59 255 1
16 17 109 98
16 18 82 17
16 19 197 15
16 20 76 41
16 21 94 56
16 22 103 91
16 23 151 51
16 24 86 91
16 25 149 72
16 26 212 57
16 27 73 32
16 28 75 23
16 29 213 68
16 30 60 77
16 31 102 66
16 32 141 14
16 33 126 6
16 34 49 15
16 35 206 32
16 36 111 55
16 37 150 50
16 38 153 51
16 39 206 86
16 40 86 34
16 41 242 57
16 42 208 93
16 43 152 62
16 44 73 45
16 45 101 66
16 46 98 20
16 47 217 58
16 48 164 81
16 49 221 18
16 50 116 83
16 51 151 45
16 52 17 49
16 53 129 34
16 54 67 41
16 55 104 41
16 56 119 54
16 57 232 40
16 58 44 66
16 59 28 78
17 18 166 95
17 19 268 34
17 20 82 1
17 21 173 86
17 22 58 65
17 23 256 78
17 24 137 41
17 25 228 78
17 26 230 90
17 27 80 73
17 28 180 73
17 29 310 23
17 30 49 26
17 31 205 96
17 32 163 66
17 33 235 43
17 34 73 44
17 35 246 26
17 36 202 98
17 37 251 18
17 38 221 30
17 39 226 78
17 40 194 46
17 41 346 88
17 42 307 15
17 43 192 22
17 44 77 68
17 45 199 65
17 46 204 6
17 47 302 64
17 48 261 30
17 49 326 67
17 50 134 17
17 51 244 29
17 52 97 19
17 53 212 64
17 54 176 87
17 55 201 42
17 56 218 2
17 57 328 72
17 58 65 76
17 59 114 85
18 19 248 92
18 20 158 100
18 21 12 82
18 22 180 75
18 23 161 75
18 24 45 31
18 25 201 12
18 26 289 99
18 27 154 44
18 28 106 74
18 29 232 85
18 30 123 58
18 31 55 24
18 32 220 50
18 33 110 29
18 34 93 76
18 35 276 56
18 36 36 22
18 37 89 62
18 38 213 96
18 39 283 27
18 40 66 32
18 41 247 29
18 42 224 83
18 43 225 86
18 44 94 29
18 45 140 15
18 46 118 93
18 47 253 47
18 48 96 18
18 49 221 79
18 50 197 30
18 51 78 26
18 52 79 58
18 53 180 3
18 54 85 74
18 55 143 21
18 56 151 15
18 57 251 27
18 58 112 93
18 59 58 95
19 20 186 1
19 21 260 6
19 22 220 23
19 23 123 50
19 24 276 93
19 25 48 92
19 26 123 68
19 27 188 46
19 28 142 94
19 29 97 52
19 30 233 84
19 31 218 95
19 32 126 52
19 33 173 92
19 34 241 46
19 35 78 98
19 36 254 3
19 37 248 72
19 38 47 92
19 39 119 37
19 40 191 53
19 41 145 76
19 42 106 15
19 43 91 90
19 44 269 7
19 45 109 93
19 46 134 82
19 47 52 74
19 48 268 43
19 49 146 69
19 50 145 99
19 51 272 76
19 52 213 79
19 53 69 22
19 54 164 72
19 55 106 77
19 56 101 92
19 57 103 4
19 58 220 53
19 59 222 96
20 21 169 42
20 22 38 40
20 23 191 8
20 24 152 40
20 25 148 22
20 26 157 84
20 27 3 69
20 28 121 15
20 29 236 96
20 30 58 66
20 31 176 22
20 32 86 79
20 33 186 4
20 34 84 1
20 35 166 47
20 36 188 45
20 37 224 29
20 38 139 37
20 39 152 88
20 40 155 26
20 41 276 87
20 42 235 99
20 43 111 46
20 44 110 18
20 45 130 24
20 46 144 70
20 47 223 21
20 48 239 26
20 49 259 5
20 50 56 52
20 51 228 20
20 52 79 87
20 53 134 76
20 54 126 84
20 55 131 81
20 56 148 22
20 57 253 40
20 58 55 72
20 59 100 6
21 22 190 77
21 23 170 49
21 24 45 30
21 25 212 42
21 26 301 45
21 27 166 47
21 28 117 81
21 29 241 21
21 30 132 16
21 31 59 90
21 32 233 55
21 33 117 66
21 34 101 10
21 35 288 86
21 36 31 50
21 37 87 62
21 38 225 23
21 39 295 51
21 40 75 7
21 41 254 49
21 42 232 68
21 43 237 79
21 44 100 91
21 45 151 75
21 46 129 14
21 47 264 37
21 48 91 27
21 49 228 44
21 50 209 82
21 51 72 8
21 52 90 96
21 53 192 57
21 54 96 37
21 55 154 80
21 56 162 82
21 57 260 30
21 58 122 20
21 59 69 15
22 23 229 23
22 24 165 55
22 25 184 87
22 26 172 79
22 27 38 90
22 28 158 13
22 29 274 75
22 30 61 23
22 31 206 7
22 32 106 76
22 33 221 67
22 34 93 52
22 35 189 96
22 36 213 12
22 37 254 65
22 38 173 16
22 39 168 64
22 40 187 38
22 41 314 14
22 42 273 44
22 43 137 96
22 44 112 61
22 45 168 99
22 46 181 39
22 47 259 14
22 48 268 16
22 49 297 68
22 50 78 11
22 51 254 73
22 52 100 65
22 53 171 44
22 54 161 93
22 55 169 23
22 56 186 33
22 57 291 78
22 58 67 41
22 59 122 59
23 24 202 64
23 25 92 83
23 26 223 2
23 27 191 69
23 28 77 15
23 29 71 63
23 30 209 90
23 31 115 12
23 32 186 19
23 33 58 95
23 34 200 52
23 35 187 24
23 36 153 90
23 37 131 71
23 38 116 43
23 39 217 76
23 40 95 41
23 41 91 24
23 42 62 32
23 43 163 98
23 44 221 37
23 45 62 26
23 46 53 8
23 47 103 10
23 48 151 49
23 49 69 57
23 50 184 81
23 51 159 49
23 52 167 88
23 53 83 59
23 54 87 86
23 55 61 12
23 56 46 90
23 57 89 93
23 58 193 11
23 59 163 74
24 25 228 31
24 26 299 45
24 27 148 77
24 28 137 4
24 29 271 76
24 30 104 23
24 31 100 80
24 32 227 62
24 33 154 92
24 34 71 27
24 35 292 65
24 36 77 46
24 37 132 93
24 38 236 27
24 39 293 24
24 40 108 29
24 41 290 17
24 42 263 46
24 43 238 63
24 44 60 75
24 45 170 15
24 46 154 89
24 47 287 45
24 48 136 68
24 49 264 75
24 50 200 17
24 51 116 38
24 52 75 92
24 53 207 53
24 54 118 58
24 55 173 22
24 56 184 70
24 57 290 38
24 58 99 73
24 59 57 19
25 26 131 8
25 27 149 67
25 28 95 55
25 29 98 93
25 30 189 62
25 31 173 96
25 32 106 78
25 33 134 6
25 34 195 7
25 35 95 38
25 36 208 42
25 37 207 73
25 38 24 22
25 39 125 34
25 40 146 85
25 41 144 47
25 42 101 75
25 43 77 61
25 44 222 85
25 45 62 20
25 46 90 80
25 47 74 93
25 48 227 55
25 49 137 3
25 50 116 88
25 51 229 11
25 52 166 27
25 53 21 5
25 54 117 84
25 55 59 58
25 56 59 6
25 57 111 59
25 58 175 84
25 59 174 17
26 27 161 59
26 28 200 52
26 29 219 51
26 30 216 17
26 31 281 89
26 32 72 16
26 33 256 100
26 34 239 100
26 35 45 96
26 36 308 32
26 37 323 45
26 38 107 58
26 39 6 31
26 40 253 92
26 41 267 29
26 42 225 35
26 43 65 56
26 44 266 35
26 45 177 83
26 46 207 27
26 47 175 4
26 48 342 77
26 49 265 89
26 50 102 59
26 51 339 21
26 52 223 99
26 53 140 80
26 54 219 6
26 55 176 72
26 56 183 46
26 57 226 9
26 58 210 7
26 59 241 96
27 28 119 12
27 29 236 47
27 30 55 32
27 31 173 11
27 32 89 86
27 33 184 71
27 34 81 18
27 35 169 10
27 36 184 84
27 37 221 64
27 38 141 32
27 39 155 43
27 40 152 57
27 41 275 14
27 42 235 9
27 43 113 4
27 44 106 76
27 45 129 98
27 46 142 13
27 47 224 1
27 48 236 73
27 49 258 98
27 50 59 83
27 51 224 24
27 52 75 17
27 53 134 75
27 54 124 47
27 55 130 59
27 56 147 36
27 57 253 28
27 58 51 19
27 59 97 88
28 29 139 29
28 30 132 31
28 31 82 53
28 32 142 67
28 33 66 55
28 34 123 84
28 35 178 69
28 36 114 72
28 37 123 83
28 38 109 10
28 39 193 91
28 40 53 31
28 41 168 46
28 42 133 55
28 43 134 25
28 44 146 20
28 45 34 67
28 46 24 62
28 47 150 68
28 48 142 33
28 49 146 53
28 50 129 22
28 51 140 44
28 52 91 76
28 53 74 19
28 54 21 63
28 55 37 55
28 56 47 54
28 57 158 2
28 58 115 83
28 59 90 66
29 30 265 91
29 31 185 68
29 32 205 6
29 33 127 45
29 34 262 55
29 35 175 86
29 36 224 70
29 37 197 38
29 38 119 79
29 39 214 46
29 40 166 5
29 41 48 73
29 42 12 55
29 43 174 95
29 44 285 87
29 45 112 51
29 46 118 91
29 47 52 46
29 48 216 47
29 49 51 24
29 50 213 31
29 51 227 13
29 52 230 34
29 53 104 75
29 54 154 21
29 55 110 16
29 56 94 90
29 57 19 93
29 58 250 2
29 59 229 71
30 31 158 56
30 32 144 81
30 33 186 6
30 34 32 38
30 35 222 50
30 36 158 98
30 37 204 80
30 38 186 16
30 39 211 85
30 40 145 89
30 41 299 51
30 42 262 49
30 43 166 53
30 44 52 30
30 45 153 59
30 46 156 89
30 47 262 18
30 48 216 63
30 49 278 32
30 50 114 30
30 51 200 68
30 52 49 35
30 53 171 59
30 54 126 83
30 55 155 18
30 56 172 16
30 57 284 65
30 58 16 3
30 59 67 79
31 32 219 2
31 33 59 79
31 34 133 3
31 35 260 78
31 36 38 86
31 37 48 88
31 38 190 53
31 39 275 16
31 40 28 53
31 41 195 32
31 42 176 26
31 43 215 22
31 44 142 94
31 45 111 70
31 46 83 8
31 47 214 4
31 48 64 43
31 49 169 72
31 50 201 19
31 51 58 99
31 52 109 12
31 53 154 85
31 54 62 3
31 55 114 85
31 56 116 100
31 57 204 64
31 58 144 72
31 59 91 88
32 33 205 88
32 34 166 94
32 35 83 27
32 36 243 58
32 37 264 69
32 38 86 53
32 39 67 91
32 40 193 90
32 41 251 10
32 42 208 41
32 43 35 29
32 44 194 13
32 45 129 11
32 46 155 63
32 47 174 83
32 48 283 24
32 49 242 17
32 50 30 39
32 51 277 91
32 52 151 98
32 53 105 83
32 54 158 46
32 55 128 26
32 56 141 43
32 57 217 59
32 58 138 46
32 59 170 97
33 34 169 33
33 35 227 68
33 36 96 26
33 37 75 93
33 38 154 33
33 39 250 98
33 40 46 31
33 41 136 70
33 42 117 84
33 43 192 94
33 44 185 3
33 45 78 17
33 46 50 54
33 47 160 6
33 48 95 95
33 49 110 92
33 50 195 100
33 51 101 86
33 52 138 40
33 53 118 26
33 54 60 23
33 55 80 75
33 56 75 49
33 57 145 33
33 58 170 45
33 59 128 83
34 35 241 35
34 36 129 7
34 37 178 44
34 38 196 75
34 39 233 95
34 40 125 31
34 41 291 8
34 42 257 88
34 43 185 19
34 44 28 9
34 45 150 9
34 46 147 88
34 47 265 7
34 48 188 81
34 49 269 27
34 50 137 6
34 51 171 76
34 52 32 97
34 53 176 9
34 54 113 97
34 55 153 39
34 56 168 94
34 57 281 80
34 58 29 61
34 59 42 83
35 36 291 28
35 37 298 7
35 38 72 70
35 39 42 90
35 40 231 90
35 41 223 73
35 42 183 77
35 43 56 86
35 44 269 33
35 45 150 99
35 46 180 81
35 47 130 74
35 48 318 2
35 49 223 74
35 50 111 61
35 51 317 30
35 52 220 30
35 53 109 4
35 54 198 52
35 55 148 63
35 56 152 48
35 57 182 84
35 58 214 3
35 59 234 4
36 37 55 93
36 38 223 47
36 39 302 79
36 40 62 67
36 41 232 21
36 42 214 58
36 43 243 68
36 44 130 3
36 45 145 11
36 46 119 30
36 47 252 21
36 48 60 28
36 49 205 85
36 50 222 100
36 51 42 80
36 52 112 71
36 53 188 73
36 54 92 57
36 55 148 86
36 56 153 40
36 57 242 24
36 58 146 92
36 59 91 51
37 38 226 99
37 39 316 71
37 40 71 60
37 41 195 38
37 42 186 83
37 43 257 96
37 44 183 27
37 45 147 82
37 46 117 93
37 47 234 88
37 48 20 73
37 49 168 37
37 50 248 36
37 51 31 15
37 52 155 59
37 53 189 15
37 54 106 50
37 55 149 33
37 56 148 25
37 57 214 11
37 58 191 54
37 59 137 22
38 39 101 13
38 40 162 98
38 41 167 14
38 42 124 71
38 43 54 5
38 44 224 68
38 45 79 49
38 46 108 18
38 47 88 64
38 48 246 79
38 49 161 23
38 50 100 43
38 51 247 50
38 52 169 60
38 53 37 100
38 54 130 92
38 55 76 63
38 56 79 36
38 57 131 32
38 58 173 81
38 59 180 24
39 40 247 89
39 41 262 89
39 42 220 100
39 43 59 79
39 44 261 62
39 45 171 34
39 46 201 31
39 47 171 38
39 48 336 62
39 49 260 97
39 50 96 33
39 51 333 66
39 52 217 12
39 53 134 26
39 54 212 49
39 55 169 43
39 56 177 43
39 57 222 75
39 58 205 99
39 59 235 94
40 41 181 87
40 42 157 73
40 43 187 68
40 44 139 62
40 45 83 15
40 46 56 48
40 47 190 60
40 48 90 49
40 49 155 56
40 50 176 17
40 51 86 40
40 52 96 84
40 53 126 7
40 54 34 4
40 55 86 94
40 56 90 55
40 57 185 70
40 58 130 37
40 59 83 4
41 42 43 100
41 43 221 8
41 44 312 7
41 45 147 71
41 46 144 54
41 47 96 84
41 48 211 34
41 49 26 66
41 50 257 83
41 51 226 73
41 52 258 72
41 53 148 23
41 54 179 31
41 55 145 61
41 56 128 6
41 57 44 30
41 58 283 80
41 59 254 19
42 43 178 24
42 44 280 8
42 45 108 16
42 46 111 54
42 47 63 50
42 48 204 5
42 49 41 32
42 50 214 10
42 51 216 26
42 52 224 94
42 53 105 73
42 54 147 55
42 55 106 96
42 56 90 2
42 57 28 35
42 58 246 3
42 59 223 47
43 44 213 61
43 45 113 78
43 46 142 21
43 47 140 86
43 48 277 28
43 49 214 90
43 50 59 97
43 51 273 66
43 52 164 56
43 53 80 94
43 54 153 79
43 55 111 84
43 56 121 38
43 57 185 23
43 58 158 56
43 59 180 61
44 45 175 71
44 46 168 41
44 47 291 26
44 48 190 22
44 49 289 72
44 50 164 7
44 51 172 83
44 52 56 66
44 53 202 66
44 54 133 95
44 55 177 82
44 56 192 68
44 57 304 99
44 58 55 61
44 59 58 7
45 46 29 73
45 47 117 42
45 48 167 96
45 49 129 32
45 50 123 60
45 51 167 79
45 52 118 92
45 53 42 69
45 54 55 85
45 55 3 18
45 56 18 83
45 57 131 82
45 58 137 40
45 59 121 70
46 47 134 26
46 48 138 99
46 49 122 69
46 50 146 48
46 51 139 37
46 52 114 70
46 53 71 69
46 54 36 31
46 55 32 7
46 56 33 61
46 57 137 21
46 58 140 92
46 59 111 19
47 48 254 26
47 49 103 72
47 50 188 80
47 51 262 97
47 52 234 47
47 53 90 17
47 54 170 49
47 55 114 19
47 56 103 75
47 57 52 18
47 58 247 95
47 59 238 17
48 49 184 17
48 50 266 100
48 51 21 21
48 52 168 63
48 53 209 85
48 54 125 5
48 55 170 2
48 56 168 32
48 57 232 48
48 58 203 8
48 59 148 20
49 50 245 96
49 51 199 56
49 52 236 86
49 53 137 62
49 54 155 82
49 55 127 91
49 56 111 63
49 57 57 64
49 58 262 85
49 59 231 86
50 51 258 82
50 52 124 62
50 53 108 50
50 54 142 98
50 55 123 62
50 56 138 84
50 57 227 33
50 58 108 22
50 59 144 75
51 52 154 51
51 53 210 12
51 54 120 30
51 55 170 6
51 56 171 67
51 57 244 89
51 58 188 69
51 59 133 44
52 53 146 3
52 54 81 48
52 55 121 8
52 56 136 43
52 57 249 94
52 58 35 79
52 59 21 80
53 54 96 10
53 55 40 73
53 56 43 40
53 57 120 78
53 58 157 43
53 59 153 42
54 55 58 46
54 56 66 19
54 57 174 59
54 58 110 96
54 59 75 94
55 56 17 42
55 57 128 37
55 58 140 13
55 59 123 94
56 57 112 79
56 58 156 67
56 59 137 74
57 58 268 78
57 59 248 75
58 59 55 55
