70
5
80
5
27
49
51
61
28
1
29
0 1 154 53
0 2 140 84
0 3 256 4
0 4 173 45
0 5 54 89
0 6 246 82
0 7 101 35
0 8 97 15
0 9 141 45
0 10 142 1
0 11 18 15
0 12 152 93
0 13 55 54
0 14 137 41
0 15 175 96
0 16 27 79
0 17 147 6
0 18 51 66
0 19 211 68
0 20 230 66
0 21 170 44
0 22 51 61
0 23 196 42
0 24 52 32
0 25 227 41
0 26 149 6
0 27 52 72
0 28 72 72
0 29 100 23
0 30 126 23
0 31 79 96
0 32 151 55
0 33 195 90
0 34 241 42
0 35 74 13
0 36 238 42
0 37 116 14
0 38 94 38
0 39 86 7
0 40 209 46
0 41 183 20
0 42 170 23
0 43 228 21
0 44 120 81
0 45 238 95
0 46 46 29
0 47 156 64
0 48 154 93
0 49 261 31
0 50 118 96
0 51 70 68
0 52 83 76
0 53 181 77
0 54 176 93
0 55 184 68
0 56 119 2
0 57 26 90
0 58 88 16
0 59 204 7
0 60 117 39
0 61 103 37
0 62 192 76
0 63 104 74
0 64 168 63
0 65 144 24
0 66 40 16
0 67 316 64
0 68 213 60
0 69 172 53
1 2 144 2
1 3 379 91
1 4 37 36
1 5 153 24
1 6 250 15
1 7 164 73
1 8 239 34
1 9 295 39
1 10 14 38
1 11 159 72
1 12 276 90
1 13 209 92
1 14 137 85
1 15 34 100
1 16 157 24
1 17 94 74
1 18 110 80
1 19 295 99
1 20 246 99
1 21 243 56
1 22 176 12
1 23 265 62
1 24 189 15
1 25 204 25
1 26 132 8
1 27 205 28
1 28 140 10
1 29 220 32
1 30 281 9
1 31 220 7
1 32 142 36
1 33 167 38
1 34 252 96
1 35 163 15
1 36 180 1
1 37 200 96
1 38 140 76
1 39 223 85
1 40 232 20
1 41 280 48
1 42 64 51
1 43 235 71
1 44 275 7
1 45 360 70
1 46 118 83
1 47 43 75
1 48 15 29
1 49 213 68
1 50 82 52
1 51 220 91
1 52 205 7
1 53 217 50
1 54 54 20
1 55 299 17
1 56 60 55
1 57 130 68
1 58 205 31
1 59 86 22
1 60 264 73
1 61 99 59
1 62 105 95
1 63 52 3
1 64 222 93
1 65 243 84
1 66 115 12
1 67 281 62
1 68 207 55
1 69 298 90
2 3 257 52
2 4 182 36
2 5 183 12
2 6 116 56
2 7 223 31
2 8 233 20
2 9 253 35
2 10 132 9
2 11 157 27
2 12 166 47
2 13 179 95
2 14 7 87
2 15 133 1
2 16 164 15
2 17 55 6
2 18 142 20
2 19 157 21
2 20 107 37
2 21 105 36
2 22 189 64
2 23 124 26
2 24 192 92
2 25 87 86
2 26 19 35
2 27 160 79
2 28 189 58
2 29 240 37
2 30 223 41
2 31 217 76
2 32 13 52
2 33 56 93
2 34 115 83
2 35 77 32
2 36 102 64
2 37 82 59
2 38 206 37
2 39 225 77
2 40 89 2
2 41 150 39
2 42 100 18
2 43 98 54
2 44 220 26
2 45 239 75
2 46 100 8
2 47 108 92
2 48 157 29
2 49 121 86
2 50 183 2
2 51 164 91
2 52 118 48
2 53 72 14
2 54 116 6
2 55 178 22
2 56 86 68
2 57 136 16
2 58 228 96
2 59 121 52
2 60 249 30
2 61 185 68
2 62 88 52
2 63 113 85
2 64 80 75
2 65 120 16
2 66 119 25
2 67 176 44
2 68 77 51
2 69 188 86
3 4 410 82
3 5 303 17
3 6 252 43
3 7 347 96
3 8 265 34
3 9 207 12
3 10 365 15
3 11 267 48
3 12 104 84
3 13 226 77
3 14 263 56
3 15 381 68
3 16 276 67
3 17 309 81
3 18 303 95
3 19 115 85
3 20 232 39
3 21 156 6
3 22 284 76
3 23 149 91
3 24 272 3
3 25 285 79
3 26 277 20
3 27 211 76
3 28 325 42
3 29 303 94
3 30 176 18
3 31 266 55
3 32 268 45
3 33 287 90
3 34 240 49
3 35 216 77
3 36 331 63
3 37 180 2
3 38 347 8
3 39 274 41
3 40 221 60
3 41 108 11
3 42 354 9
3 43 244 52
3 44 181 3
3 45 18 53
3 46 268 79
3 47 356 56
3 48 386 100
3 49 327 79
3 50 371 75
3 51 192 78
3 52 178 93
3 53 206 70
3 54 368 30
3 55 80 29
3 56 321 77
3 57 279 12
3 58 303 38
3 59 378 56
3 60 255 43
3 61 359 92
3 62 345 83
3 63 330 91
3 64 186 22
3 65 138 14
3 66 281 2
3 67 333 90
3 68 262 2
3 69 84 91
4 5 160 35
4 6 288 82
4 7 159 59
4 8 248 47
4 9 310 88
4 10 49 52
4 11 174 84
4 12 305 18
4 13 226 71
4 14 174 10
4 15 64 89
4 16 169 59
4 17 132 63
4 18 123 78
4 19 330 54
4 20 284 26
4 21 278 44
4 22 185 80
4 23 301 63
4 24 199 82
4 25 241 96
4 26 170 84
4 27 226 78
4 28 143 23
4 29 223 32
4 30 300 24
4 31 229 57
4 32 180 52
4 33 204 58
4 34 290 38
4 35 193 56
4 36 215 32
4 37 234 58
4 38 137 66
4 39 231 90
4 40 269 28
4 41 314 9
4 42 100 71
4 43 272 96
4 44 294 80
4 45 391 36
4 46 144 49
4 47 80 44
4 48 25 82
4 49 248 56
4 50 74 46
4 51 242 53
4 52 233 88
4 53 254 2
4 54 87 14
4 55 330 26
4 56 96 21
4 57 147 14
4 58 209 44
4 59 116 17
4 60 273 23
4 61 94 29
4 62 140 82
4 63 79 77
4 64 258 10
4 65 275 26
4 66 136 49
4 67 317 51
4 68 244 21
4 69 328 40
5 6 295 18
5 7 47 96
5 8 87 67
5 9 154 99
5 10 144 24
5 11 37 13
5 12 202 78
5 13 80 51
5 14 179 41
5 15 182 4
5 16 27 48
5 17 177 22
5 18 48 77
5 19 264 93
5 20 280 77
5 21 224 31
5 22 25 11
5 23 250 55
5 24 40 77
5 25 270 54
5 26 189 60
5 27 92 39
5 28 23 30
5 29 67 6
5 30 153 28
5 31 69 64
5 32 193 33
5 33 236 8
5 34 291 56
5 35 127 13
5 36 275 41
5 37 170 76
5 38 44 54
5 39 71 50
5 40 259 62
5 41 236 31
5 42 188 34
5 43 276 25
5 44 146 77
5 45 286 29
5 46 83 6
5 47 169 90
5 48 148 1
5 49 300 31
5 50 90 23
5 51 110 19
5 52 136 24
5 53 232 62
5 54 189 88
5 55 235 56
5 56 139 88
5 57 47 85
5 58 52 10
5 59 221 86
5 60 113 38
5 61 70 67
5 62 218 71
5 63 112 49
5 64 221 79
5 65 197 5
5 66 64 6
5 67 360 36
5 68 259 63
5 69 220 8
6 7 338 14
6 8 331 97
6 9 330 35
6 10 240 67
6 11 265 90
6 12 201 64
6 13 273 34
6 14 123 42
6 15 229 47
6 16 273 17
6 17 155 90
6 18 257 59
6 19 137 21
6 20 21 35
6 21 113 61
6 22 297 23
6 23 106 17
6 24 297 86
6 25 53 80
6 26 121 59
6 27 251 16
6 28 304 39
6 29 345 62
6 30 295 95
6 31 317 74
6 32 112 16
6 33 84 81
6 34 12 90
6 35 173 61
6 36 101 23
6 37 144 10
6 38 322 1
6 39 326 58
6 40 41 88
6 41 154 21
6 42 191 12
6 43 18 15
6 44 293 18
6 45 238 65
6 46 213 77
6 47 208 2
6 48 264 20
6 49 82 68
6 50 299 80
6 51 247 22
6 52 193 40
6 53 70 77
6 54 207 65
6 55 191 67
6 56 198 77
6 57 249 20
6 58 335 29
6 59 195 28
6 60 342 5
6 61 302 28
6 62 158 8
6 63 228 33
6 64 92 74
6 65 154 97
6 66 233 66
6 67 85 73
6 68 43 93
6 69 215 45
7 8 107 83
7 9 182 62
7 10 158 38
7 11 84 41
7 12 248 96
7 13 121 80
7 14 218 12
7 15 196 76
7 16 74 92
7 17 208 36
7 18 81 9
7 19 312 67
7 20 324 11
7 21 271 99
7 22 62 47
7 23 297 27
7 24 76 67
7 25 309 69
7 26 226 20
7 27 136 53
7 28 33 51
7 29 70 78
7 30 188 56
7 31 93 39
7 32 231 60
7 33 274 65
7 34 334 36
7 35 173 96
7 36 308 5
7 37 217 24
7 38 23 24
7 39 90 19
7 40 303 29
7 41 283 63
7 42 211 54
7 43 319 97
7 44 182 47
7 45 330 38
7 46 124 83
7 47 190 82
7 48 154 12
7 49 336 18
7 50 85 67
7 51 154 82
7 52 183 73
7 53 276 98
7 54 208 31
7 55 281 98
7 56 166 30
7 57 90 100
7 58 59 43
7 59 242 33
7 60 132 4
7 61 65 24
7 62 245 59
7 63 135 30
7 64 266 72
7 65 245 13
7 66 104 18
7 67 398 28
7 68 300 100
7 69 265 52
8 9 76 2
8 10 229 45
8 11 84 10
8 12 181 100
8 13 58 95
8 14 232 31
8 15 265 27
8 16 83 68
8 17 244 99
8 18 129 12
8 19 262 40
8 20 313 35
8 21 236 78
8 22 63 90
8 23 259 70
8 24 50 30
8 25 319 78
8 26 245 95
8 27 81 22
8 28 107 91
8 29 41 73
8 30 91 28
8 31 19 85
8 32 246 38
8 33 290 98
8 34 324 39
8 35 159 48
8 36 334 3
8 37 189 13
8 38 121 20
8 39 17 14
8 40 291 89
8 41 230 55
8 42 265 35
8 43 313 32
8 44 85 15
8 45 251 32
8 46 143 7
8 47 249 49
8 48 235 19
8 49 355 36
8 50 177 18
8 51 90 52
8 52 141 78
8 53 261 43
8 54 269 15
8 55 215 57
8 56 214 57
8 57 114 23
8 58 48 1
8 59 299 41
8 60 25 14
8 61 157 75
8 62 289 31
8 63 194 41
8 64 243 15
8 65 198 91
8 66 133 10
8 67 406 16
8 68 303 92
8 69 192 6
9 10 283 62
9 11 136 34
9 12 146 76
9 13 86 46
9 14 254 8
9 15 316 15
9 16 140 28
9 17 279 82
9 18 187 46
9 19 233 32
9 20 310 46
9 21 222 58
9 22 129 98
9 23 240 63
9 24 114 50
9 25 330 85
9 26 269 61
9 27 96 28
9 28 177 36
9 29 117 83
9 30 37 77
9 31 89 18
9 32 266 41
9 33 308 75
9 34 321 52
9 35 175 61
9 36 356 12
9 37 187 43
9 38 194 54
9 39 92 86
9 40 289 73
9 41 200 80
9 42 308 17
9 43 313 65
9 44 37 58
9 45 195 69
9 46 184 97
9 47 297 88
9 48 294 64
9 49 371 64
9 50 245 91
9 51 89 19
9 52 139 92
9 53 260 95
9 54 316 29
9 55 175 73
9 56 259 24
9 57 165 59
9 58 124 91
9 59 342 74
9 60 55 91
9 61 225 49
9 62 324 76
9 63 245 60
9 64 238 45
9 65 180 8
9 66 181 51
9 67 412 89
9 68 311 98
9 69 147 69
10 11 148 53
10 12 262 96
10 13 197 81
10 14 124 59
10 15 38 29
10 16 146 13
10 17 84 28
10 18 99 52
10 19 282 43
10 20 235 36
10 21 229 3
10 22 166 25
10 23 252 67
10 24 178 15
10 25 195 49
10 26 121 44
10 27 192 71
10 28 133 48
10 29 211 76
10 30 268 35
10 31 209 93
10 32 131 45
10 33 158 47
10 34 241 66
10 35 148 41
10 36 174 35
10 37 186 64
10 38 135 19
10 39 213 18
10 40 220 6
10 41 266 24
10 42 59 7
10 43 224 13
10 44 262 36
10 45 346 74
10 46 105 80
10 47 37 8
10 48 25 46
10 49 206 27
10 50 79 20
10 51 207 28
10 52 191 20
10 53 204 47
10 54 52 64
10 55 285 96
10 56 47 48
10 57 118 88
10 58 197 45
10 59 86 67
10 60 253 37
10 61 95 82
10 62 100 77
10 63 38 6
10 64 208 19
10 65 229 56
10 66 102 18
10 67 274 35
10 68 196 59
10 69 284 34
11 12 165 68
11 13 52 90
11 14 154 9
11 15 182 70
11 16 10 37
11 17 161 1
11 18 50 51
11 19 227 33
11 20 249 85
11 21 188 65
11 22 32 53
11 23 213 41
11 24 36 81
11 25 244 72
11 26 166 59
11 27 58 70
11 28 58 6
11 29 82 49
11 30 127 90
11 31 65 41
11 32 168 38
11 33 212 48
11 34 259 92
11 35 93 62
11 36 254 61
11 37 134 79
11 38 80 82
11 39 72 46
11 40 227 28
11 41 198 8
11 42 181 90
11 43 246 3
11 44 120 70
11 45 250 11
11 46 60 82
11 47 165 46
11 48 157 8
11 49 277 97
11 50 113 97
11 51 76 71
11 52 98 84
11 53 199 67
11 54 185 25
11 55 198 80
11 56 130 59
11 57 30 7
11 58 70 41
11 59 215 65
11 60 106 2
11 61 96 31
11 62 205 29
11 63 111 99
11 64 186 78
11 65 160 31
11 66 49 47
11 67 333 73
11 68 231 8
11 69 183 88
12 13 132 3
12 14 170 100
12 15 280 56
12 16 175 92
12 17 214 12
12 18 199 86
12 19 86 55
12 20 179 70
12 21 87 48
12 22 187 85
12 23 99 55
12 24 176 54
12 25 217 57
12 26 186 41
12 27 113 92
12 28 223 4
12 29 215 24
12 30 109 97
12 31 178 24
12 32 178 84
12 33 208 38
12 34 190 36
12 35 113 35
12 36 256 61
12 37 84 64
12 38 246 68
12 39 187 9
12 40 161 53
12 41 54 90
12 42 256 73
12 43 187 47
12 44 110 74
12 45 86 63
12 46 163 60
12 47 256 16
12 48 282 26
12 49 260 95
12 50 266 51
12 51 96 57
12 52 73 40
12 53 136 84
12 54 270 94
12 55 34 74
12 56 219 33
12 57 175 12
12 58 211 2
12 59 284 22
12 60 179 40
12 61 255 18
12 62 254 68
12 63 226 76
12 64 113 23
12 65 49 77
12 66 176 43
12 67 286 68
12 68 194 69
12 69 22 57
13 14 178 62
13 15 230 75
13 16 59 20
13 17 196 68
13 18 102 30
13 19 207 50
13 20 254 78
13 21 178 51
13 22 58 35
13 23 202 45
13 24 45 4
13 25 262 99
13 26 192 78
13 27 22 35
13 28 103 77
13 29 83 42
13 30 74 94
13 31 47 40
13 32 191 65
13 33 235 74
13 34 265 20
13 35 102 12
13 36 281 38
13 37 130 20
13 38 124 37
13 39 57 68
13 40 233 62
13 41 176 90
13 42 223 100
13 43 254 51
13 44 68 90
13 45 210 48
13 46 98 59
13 47 211 7
13 48 209 83
13 49 300 24
13 50 165 17
13 51 36 45
13 52 83 1
13 53 203 43
13 54 230 78
13 55 166 50
13 56 173 99
13 57 80 73
13 58 79 81
13 59 257 60
13 60 70 1
13 61 147 55
13 62 242 66
13 63 159 53
13 64 185 35
13 65 142 77
13 66 95 55
13 67 349 22
13 68 246 59
13 69 146 26
14 15 126 17
14 16 160 6
14 17 48 1
14 18 136 46
14 19 164 75
14 20 114 13
14 21 112 77
14 22 186 8
14 23 131 83
14 24 189 10
14 25 91 52
14 26 16 36
14 27 160 17
14 28 184 80
14 29 237 96
14 30 224 6
14 31 215 80
14 32 14 2
14 33 58 26
14 34 122 100
14 35 78 88
14 36 103 20
14 37 86 8
14 38 200 93
14 39 223 84
14 40 97 3
14 41 156 6
14 42 93 95
14 43 105 58
14 44 221 52
14 45 245 29
14 46 96 82
14 47 101 88
14 48 149 64
14 49 123 89
14 50 176 9
14 51 164 22
14 52 119 91
14 53 80 83
14 54 108 72
14 55 183 100
14 56 78 20
14 57 132 90
14 58 224 11
14 59 115 25
14 60 248 40
14 61 178 61
14 62 83 70
14 63 106 75
14 64 87 59
14 65 126 46
14 66 114 9
14 67 180 5
14 68 82 12
14 69 193 95
15 16 181 50
15 17 79 71
15 18 135 11
15 19 290 57
15 20 228 54
15 21 237 56
15 22 203 89
15 23 258 7
15 24 214 81
15 25 180 91
15 26 117 77
15 27 223 88
15 28 171 36
15 29 249 24
15 30 298 94
15 31 245 67
15 32 128 8
15 33 145 46
15 34 233 75
15 35 168 74
15 36 151 100
15 37 200 22
15 38 173 79
15 39 250 73
15 40 216 55
15 41 278 45
15 42 37 67
15 43 215 96
15 44 292 84
15 45 363 85
15 46 133 29
15 47 25 50
15 48 49 27
15 49 184 15
15 50 116 17
15 51 236 93
15 52 213 76
15 53 205 59
15 54 23 47
15 55 301 9
15 56 61 6
15 57 152 58
15 58 234 19
15 59 52 57
15 60 288 30
15 61 132 37
15 62 76 62
15 63 71 98
15 64 213 88
15 65 243 40
15 66 135 72
15 67 252 57
15 68 186 14
15 69 303 55
16 17 164 70
16 18 47 26
16 19 237 47
16 20 257 99
16 21 197 47
16 22 26 91
16 23 223 19
16 24 33 62
16 25 251 62
16 26 171 21
16 27 67 75
16 28 48 21
16 29 77 71
16 30 133 60
16 31 64 1
16 32 174 70
16 33 218 72
16 34 268 40
16 35 102 51
16 36 259 6
16 37 144 38
16 38 70 5
16 39 69 98
16 40 236 32
16 41 209 66
16 42 182 13
16 43 254 52
16 44 127 75
16 45 259 86
16 46 65 4
16 47 165 73
16 48 154 56
16 49 283 82
16 50 106 22
16 51 85 43
16 52 109 88
16 53 208 52
16 54 185 68
16 55 208 45
16 56 131 46
16 57 31 60
16 58 64 15
16 59 216 24
16 60 107 77
16 61 88 46
16 62 208 18
16 63 110 13
16 64 195 5
16 65 170 16
16 66 51 5
16 67 340 1
16 68 239 60
16 69 193 93
17 18 129 14
17 19 212 87
17 20 151 94
17 21 160 8
17 22 190 88
17 23 179 94
17 24 197 11
17 25 111 86
17 26 38 42
17 27 182 3
17 28 176 8
17 29 241 50
17 30 253 1
17 31 226 62
17 32 49 64
17 33 74 30
17 34 157 16
17 35 109 74
17 36 100 33
17 37 130 39
17 38 188 87
17 39 233 27
17 40 137 44
17 41 203 27
17 42 45 2
17 43 140 90
17 44 249 89
17 45 291 39
17 46 101 78
17 47 55 41
17 48 109 46
17 49 129 90
17 50 150 27
17 51 191 19
17 52 155 25
17 53 125 66
17 54 60 66
17 55 229 30
17 56 45 10
17 57 133 11
17 58 227 64
17 59 70 75
17 60 264 64
17 61 157 9
17 62 45 40
17 63 78 82
17 64 135 99
17 65 171 8
17 66 114 54
17 67 195 59
17 68 112 42
17 69 236 20
18 19 247 57
18 20 245 28
18 21 201 74
18 22 67 13
18 23 226 28
18 24 79 42
18 25 228 99
18 26 145 34
18 27 103 36
18 28 48 29
18 29 115 91
18 30 176 19
18 31 110 98
18 32 150 62
18 33 192 58
18 34 254 64
18 35 101 71
18 36 228 87
18 37 147 58
18 38 64 16
18 39 114 22
18 40 224 58
18 41 222 90
18 42 139 46
18 43 239 54
18 44 170 94
18 45 285 91
18 46 46 34
18 47 121 97
18 48 107 15
18 49 255 1
18 50 68 19
18 51 121 89
18 52 126 87
18 53 199 57
18 54 141 53
18 55 229 81
18 56 90 88
18 57 24 56
18 58 101 25
18 59 173 79
18 60 154 41
18 61 56 10
18 62 169 16
18 63 64 93
18 64 192 39
18 65 182 20
18 66 26 91
18 67 316 46
18 68 219 98
18 69 219 7
19 20 117 48
19 21 52 71
19 22 255 97
19 23 35 72
19 24 247 72
19 25 170 42
19 26 176 31
19 27 185 2
19 28 282 10
19 29 291 25
19 30 195 81
19 31 255 49
19 32 165 54
19 33 176 87
19 34 125 92
19 35 146 18
19 36 218 86
19 37 100 34
19 38 304 88
19 39 264 7
19 40 106 99
19 41 32 44
19 42 258 54
19 43 129 29
19 44 196 45
19 45 101 94
19 46 203 9
19 47 264 81
19 48 305 23
19 49 212 2
19 50 309 42
19 51 172 67
19 52 129 53
19 53 95 82
19 54 273 64
19 55 62 90
19 56 235 59
19 57 227 80
19 58 285 55
19 59 277 52
19 60 263 63
19 61 302 12
19 62 242 96
19 63 253 99
19 64 78 77
19 65 67 21
19 66 221 11
19 67 220 43
19 68 148 19
19 69 91 31
20 21 92 55
20 22 281 74
20 23 85 54
20 24 280 82
20 25 61 12
20 26 114 35
20 27 232 24
20 28 290 79
20 29 328 3
20 30 274 13
20 31 299 11
20 32 104 35
20 33 85 9
20 34 11 29
20 35 156 79
20 36 111 65
20 37 124 89
20 38 309 57
20 39 309 35
20 40 21 30
20 41 133 56
20 42 190 19
20 43 15 83
20 44 272 66
20 45 218 93
20 46 200 54
20 47 205 2
20 48 260 12
20 49 97 49
20 50 290 33
20 51 227 10
20 52 174 45
20 53 51 76
20 54 206 25
20 55 170 15
20 56 191 46
20 57 234 100
20 58 318 30
20 59 197 10
20 60 322 83
20 61 291 92
20 62 160 86
20 63 220 82
20 64 71 87
20 65 133 3
20 66 220 33
20 67 106 27
20 68 44 48
20 69 194 89
21 22 218 8
21 23 26 90
21 24 212 97
21 25 133 65
21 26 124 98
21 27 155 76
21 28 240 93
21 29 259 28
21 30 185 48
21 31 226 83
21 32 114 68
21 33 131 85
21 34 102 76
21 35 99 23
21 36 176 63
21 37 54 68
21 38 261 6
21 39 235 89
21 40 74 65
21 41 48 70
21 42 206 81
21 43 99 93
21 44 184 12
21 45 139 46
21 46 155 37
21 47 212 97
21 48 253 24
21 49 176 99
21 50 260 8
21 51 146 57
21 52 95 22
21 53 52 85
21 54 221 84
21 55 83 26
21 56 183 44
21 57 183 96
21 58 251 32
21 59 226 69
21 60 241 92
21 61 255 70
21 62 191 54
21 63 201 1
21 64 29 59
21 65 41 14
21 66 175 34
21 67 198 4
21 68 110 4
21 69 103 71
22 23 243 23
22 24 15 8
22 25 277 67
22 26 198 34
22 27 74 17
22 28 48 39
22 29 51 41
22 30 128 2
22 31 44 69
22 32 200 60
22 33 244 1
22 34 292 1
22 35 125 35
22 36 286 75
22 37 165 74
22 38 67 28
22 39 47 9
22 40 260 57
22 41 225 38
22 42 206 81
22 43 279 47
22 44 122 49
22 45 268 71
22 46 91 95
22 47 189 14
22 48 172 29
22 49 309 22
22 50 116 9
22 51 92 21
22 52 126 71
22 53 231 24
22 54 209 100
22 55 220 85
22 56 156 18
22 57 56 62
22 58 38 9
22 59 240 50
22 60 88 26
22 61 96 59
22 62 233 69
22 63 132 56
22 64 218 84
22 65 188 68
22 66 76 37
22 67 366 14
22 68 264 12
22 69 203 7
23 24 238 77
23 25 135 15
23 26 142 84
23 27 179 32
23 28 266 21
23 29 284 74
23 30 203 100
23 31 250 44
23 32 131 78
23 33 140 12
23 34 94 6
23 35 125 60
23 36 182 8
23 37 80 78
23 38 287 44
23 39 259 100
23 40 72 85
23 41 48 55
23 42 224 99
23 43 96 74
23 44 203 75
23 45 134 96
23 46 181 5
23 47 232 19
23 48 276 1
23 49 177 52
23 50 286 6
23 51 169 32
23 52 119 95
23 53 59 46
23 54 240 38
23 55 85 44
23 56 205 57
23 57 209 33
23 58 276 33
23 59 243 32
23 60 263 89
23 61 281 93
23 62 207 85
23 63 225 99
23 64 44 70
23 65 61 95
23 66 200 19
23 67 191 75
23 68 112 33
23 69 110 49
24 25 279 38
24 26 201 88
24 27 63 20
24 28 63 25
24 29 48 2
24 30 113 90
24 31 31 85
24 32 203 47
24 33 248 88
24 34 291 1
24 35 124 5
24 36 290 35
24 37 161 92
24 38 82 40
24 39 36 37
24 40 259 34
24 41 217 15
24 42 215 21
24 43 278 86
24 44 107 63
24 45 256 51
24 46 96 18
24 47 199 2
24 48 185 46
24 49 313 89
24 50 131 22
24 51 80 85
24 52 119 6
24 53 229 11
24 54 219 20
24 55 210 12
24 56 165 30
24 57 64 90
24 58 38 18
24 59 249 93
24 60 75 70
24 61 111 50
24 62 241 56
24 63 143 67
24 64 215 41
24 65 180 37
24 66 84 60
24 67 368 90
24 68 265 38
24 69 191 80
25 26 83 82
25 27 242 82
25 28 276 91
25 29 327 40
25 30 297 10
25 31 303 73
25 32 77 73
25 33 37 32
25 34 60 73
25 35 159 90
25 36 49 61
25 37 144 78
25 38 291 55
25 39 311 89
25 40 64 71
25 41 180 87
25 42 142 89
25 43 46 47
25 44 294 39
25 45 269 47
25 46 187 19
25 47 161 34
25 48 219 2
25 49 43 97
25 50 260 90
25 51 242 98
25 52 191 86
25 53 81 78
25 54 157 44
25 55 216 93
25 56 156 46
25 57 223 5
25 58 315 63
25 59 142 92
25 60 333 14
25 61 266 50
25 62 106 18
25 63 188 5
25 64 104 91
25 65 167 47
25 66 206 50
25 67 89 28
25 68 23 61
25 69 235 11
26 27 175 65
26 28 193 60
26 29 248 4
26 30 240 71
26 31 228 88
26 32 10 60
26 33 47 2
26 34 121 22
26 35 93 56
26 36 89 23
26 37 101 12
26 38 208 30
26 39 236 31
26 40 99 63
26 41 169 40
26 42 83 33
26 43 104 78
26 44 236 71
26 45 259 13
26 46 106 67
26 47 93 62
26 48 146 76
26 49 111 72
26 50 179 68
26 51 179 95
26 52 135 13
26 53 87 17
26 54 99 28
26 55 198 8
26 56 77 50
26 57 142 19
26 58 236 12
26 59 102 95
26 60 262 14
26 61 183 46
26 62 68 91
26 63 107 34
26 64 97 91
26 65 140 38
26 66 124 67
26 67 171 65
26 68 78 49
26 69 208 77
27 28 114 55
27 29 105 45
27 30 75 41
27 31 70 41
27 32 173 2
27 33 216 28
27 34 243 82
27 35 83 1
27 36 263 56
27 37 108 53
27 38 136 82
27 39 80 73
27 40 210 56
27 41 154 34
27 42 213 17
27 43 233 90
27 44 69 17
27 45 194 72
27 46 89 8
27 47 202 99
27 48 206 47
27 49 280 100
27 50 170 10
27 51 18 12
27 52 60 26
27 53 181 96
27 54 221 28
27 55 146 4
27 56 164 46
27 57 79 49
27 58 100 28
27 59 246 99
27 60 91 70
27 61 154 15
27 62 228 75
27 63 154 31
27 64 162 26
27 65 120 91
27 66 90 35
27 67 328 84
27 68 225 60
27 69 129 36
28 29 80 31
28 30 176 19
28 31 89 44
28 32 198 64
28 33 240 67
28 34 300 34
28 35 141 76
28 36 276 30
28 37 186 19
28 38 22 47
28 39 90 5
28 40 270 100
28 41 255 37
28 42 181 87
28 43 285 8
28 44 169 94
28 45 308 85
28 46 90 86
28 47 161 17
28 48 133 33
28 49 303 3
28 50 70 100
28 51 133 39
28 52 155 19
28 53 243 41
28 54 181 26
28 55 256 77
28 56 135 96
28 57 57 66
28 58 66 34
28 59 214 93
28 60 133 57
28 61 50 47
28 62 214 13
28 63 105 44
28 64 234 19
28 65 216 66
28 66 70 20
28 67 364 11
28 68 266 72
28 69 241 53
29 30 131 19
29 31 37 24
29 32 251 23
29 33 295 55
29 34 339 33
29 35 172 79
29 36 337 31
29 37 208 70
29 38 88 45
29 39 29 25
29 40 307 92
29 41 259 47
29 42 255 30
29 43 327 48
29 44 126 79
29 45 289 13
29 46 142 77
29 47 237 45
29 48 213 56
29 49 360 1
29 50 150 99
29 51 119 68
29 52 164 39
29 53 278 10
29 54 257 66
29 55 249 36
29 56 205 95
29 57 107 92
29 58 14 18
29 59 289 75
29 60 63 33
29 61 129 66
29 62 283 97
29 63 180 99
29 64 262 71
29 65 225 72
29 66 127 86
29 67 416 11
29 68 314 48
29 69 227 46
30 31 97 100
30 32 237 29
30 33 277 40
30 34 285 39
30 35 147 81
30 36 325 28
30 37 153 58
30 38 196 95
30 39 103 17
30 40 253 65
30 41 163 42
30 42 287 67
30 43 278 5
30 44 6 86
30 45 164 4
30 46 164 20
30 47 277 46
30 48 281 93
30 49 338 12
30 50 239 36
30 51 63 25
30 52 106 24
30 53 224 67
30 54 295 29
30 55 139 85
30 56 238 87
30 57 152 8
30 58 135 55
30 59 320 13
30 60 78 16
30 61 221 87
30 62 299 37
30 63 229 27
30 64 202 63
30 65 143 58
30 66 165 39
30 67 377 37
30 68 277 25
30 69 111 3
31 32 229 80
31 33 273 80
31 34 310 29
31 35 144 54
31 36 317 100
31 37 177 13
31 38 105 94
31 39 9 97
31 40 278 27
31 41 223 34
31 42 246 13
31 43 299 77
31 44 91 12
31 45 251 30
31 46 125 83
31 47 230 20
31 48 216 5
31 49 338 48
31 50 159 100
31 51 82 17
31 52 130 34
31 53 248 76
31 54 250 30
31 55 212 18
31 56 195 90
31 57 95 29
31 58 38 47
31 59 280 79
31 60 44 32
31 61 139 82
31 62 270 41
31 63 174 22
31 64 231 21
31 65 190 15
31 66 114 83
31 67 391 83
31 68 288 28
31 69 190 93
32 33 44 37
32 34 112 25
32 35 91 5
32 36 89 79
32 37 94 22
32 38 213 8
32 39 237 72
32 40 89 7
32 41 160 34
32 42 93 98
32 43 95 54
32 44 233 6
32 45 250 61
32 46 110 18
32 47 104 54
32 48 156 92
32 49 109 13
32 50 187 45
32 51 177 11
32 52 131 83
32 53 76 48
32 54 109 51
32 55 189 75
32 56 86 76
32 57 146 68
32 58 238 5
32 59 112 32
32 60 262 83
32 61 190 97
32 62 77 47
32 63 116 16
32 64 87 86
32 65 132 44
32 66 128 81
32 67 167 59
32 68 70 46
32 69 200 33
33 34 88 19
33 35 133 42
33 36 49 20
33 37 127 14
33 38 255 41
33 39 281 22
33 40 78 21
33 41 179 65
33 42 107 62
33 43 71 37
33 44 273 27
33 45 270 77
33 46 154 18
33 47 125 91
33 48 182 16
33 49 65 74
33 50 223 8
33 51 219 5
33 52 170 75
33 53 81 54
33 54 123 42
33 55 212 60
33 56 119 28
33 57 190 86
33 58 283 54
33 59 112 96
33 60 306 88
33 61 229 39
33 62 75 67
33 63 151 56
33 64 101 48
33 65 159 12
33 66 172 88
33 67 124 92
33 68 41 50
33 69 228 33
34 35 167 59
34 36 109 67
34 37 136 37
34 38 318 64
34 39 320 81
34 40 32 9
34 41 143 5
34 42 195 87
34 43 17 53
34 44 284 1
34 45 226 79
34 46 210 81
34 47 211 82
34 48 266 92
34 49 93 3
34 50 298 45
34 51 239 87
34 52 185 85
34 53 62 16
34 54 211 73
34 55 180 87
34 56 198 39
34 57 244 73
34 58 329 58
34 59 200 17
34 60 334 31
34 61 300 76
34 62 163 45
34 63 228 36
34 64 82 77
34 65 144 38
34 66 230 91
34 67 96 12
34 68 47 92
34 69 204 61
35 36 180 43
35 37 46 36
35 38 162 95
35 39 153 56
35 40 135 60
35 41 123 92
35 42 147 91
35 43 154 27
35 44 143 60
35 45 198 56
35 46 57 86
35 47 144 49
35 48 169 40
35 49 197 69
35 50 163 59
35 51 86 76
35 52 46 71
35 53 106 96
35 54 159 98
35 55 137 75
35 56 106 9
35 57 84 92
35 58 162 41
35 59 178 63
35 60 173 81
35 61 156 49
35 62 154 21
35 63 113 38
35 64 93 50
35 65 83 48
35 66 75 39
35 67 246 38
35 68 143 97
35 69 135 47
36 37 176 42
36 38 288 72
36 39 325 12
36 40 113 3
36 41 224 21
36 42 115 75
36 43 96 47
36 44 322 15
36 45 315 75
36 46 194 36
36 47 137 45
36 48 196 59
36 49 33 91
36 50 248 82
36 51 266 93
36 52 219 80
36 53 124 97
36 54 128 73
36 55 259 37
36 56 145 2
36 57 229 88
36 58 324 25
36 59 105 21
36 60 351 23
36 61 257 67
36 62 75 55
36 63 178 17
36 64 146 64
36 65 207 60
36 66 210 74
36 67 101 22
36 68 70 18
36 69 276 82
37 38 207 61
37 39 186 78
37 40 103 18
37 41 80 85
37 42 174 36
37 43 126 21
37 44 151 14
37 45 162 95
37 46 103 20
37 47 175 43
37 48 209 22
37 49 186 29
37 50 209 38
37 51 103 11
37 52 49 36
37 53 73 22
37 54 187 69
37 55 100 22
37 56 141 56
37 57 129 25
37 58 200 99
37 59 200 49
37 60 198 42
37 61 202 53
37 62 169 76
37 63 154 8
37 64 54 89
37 65 42 100
37 66 121 64
37 67 224 62
37 68 123 44
37 69 106 87
38 39 104 35
38 40 289 21
38 41 277 94
38 42 188 11
38 43 303 11
38 44 189 91
38 45 330 79
38 46 109 93
38 47 167 30
38 48 131 83
38 49 316 27
38 50 62 56
38 51 155 65
38 52 178 21
38 53 263 72
38 54 186 27
38 55 278 60
38 56 144 19
38 57 78 25
38 58 75 21
38 59 219 56
38 60 147 78
38 61 42 35
38 62 223 9
38 63 113 65
38 64 254 62
38 65 238 38
38 66 89 32
38 67 379 78
38 68 283 91
38 69 264 19
39 40 287 33
39 41 232 14
39 42 252 57
39 43 308 52
39 44 97 8
39 45 260 92
39 46 132 21
39 47 235 56
39 48 219 57
39 49 347 46
39 50 160 51
39 51 92 47
39 52 140 28
39 53 257 83
39 54 255 9
39 55 221 38
39 56 201 55
39 57 101 44
39 58 32 77
39 59 286 55
39 60 43 72
39 61 140 20
39 62 277 17
39 63 179 11
39 64 241 44
39 65 199 40
39 66 120 34
39 67 400 73
39 68 297 90
39 69 198 48
40 41 118 99
40 42 179 25
40 43 25 11
40 44 252 98
40 45 206 63
40 46 179 70
40 47 192 45
40 48 245 5
40 49 105 1
40 50 272 24
40 51 206 56
40 52 152 54
40 53 29 63
40 54 195 51
40 55 155 26
40 56 175 81
40 57 213 58
40 58 297 75
40 59 189 70
40 60 301 66
40 61 272 67
40 62 152 47
40 63 202 53
40 64 51 98
40 65 114 69
40 66 199 31
40 67 125 82
40 68 42 55
40 69 177 95
41 42 249 97
41 43 143 55
41 44 164 100
41 45 91 93
41 46 180 39
41 47 252 99
41 48 289 97
41 49 223 92
41 50 286 24
41 51 140 74
41 52 99 16
41 53 99 69
41 54 263 32
41 55 37 52
41 56 220 69
41 57 201 67
41 58 254 53
41 59 271 98
41 60 230 39
41 61 278 10
41 62 237 74
41 63 234 29
41 64 77 17
41 65 39 39
41 66 197 67
41 67 239 21
41 68 157 45
41 69 62 11
42 43 178 57
42 44 282 92
42 45 336 58
42 46 125 45
42 47 22 31
42 48 80 62
42 49 148 28
42 50 138 23
42 51 224 11
42 52 194 49
42 53 170 48
42 54 16 43
42 55 274 99
42 56 50 13
42 57 151 48
42 58 241 7
42 59 34 73
42 60 287 59
42 61 151 60
42 62 40 81
42 63 76 90
42 64 180 39
42 65 216 22
42 66 132 44
42 67 216 60
42 68 148 33
42 69 279 57
43 44 276 55
43 45 230 74
43 46 195 99
43 47 194 10
43 48 249 61
43 49 83 54
43 50 281 98
43 51 229 2
43 52 176 89
43 53 53 14
43 54 193 83
43 55 180 76
43 56 181 84
43 57 230 60
43 58 316 70
43 59 183 37
43 60 324 8
43 61 284 90
43 62 146 71
43 63 211 22
43 64 76 23
43 65 139 60
43 66 215 8
43 67 99 52
43 68 30 13
43 69 203 44
44 45 168 58
44 46 159 78
44 47 272 74
44 48 275 62
44 49 335 80
44 50 233 16
44 51 58 69
44 52 103 90
44 53 223 77
44 54 290 29
44 55 141 50
44 56 233 78
44 57 146 85
44 58 129 78
44 59 315 69
44 60 74 4
44 61 215 51
44 62 295 31
44 63 223 45
44 64 201 96
44 65 143 73
44 66 160 54
44 67 375 79
44 68 275 52
44 69 114 77
45 46 250 68
45 47 337 97
45 48 367 32
45 49 312 38
45 50 353 4
45 51 176 51
45 52 159 55
45 53 190 50
45 54 350 70
45 55 62 88
45 56 303 58
45 57 261 17
45 58 288 92
45 59 360 92
45 60 242 87
45 61 341 69
45 62 328 53
45 63 311 57
45 64 169 100
45 65 120 70
45 66 263 8
45 67 320 25
45 68 246 25
45 69 66 69
46 47 113 62
46 48 121 67
46 49 218 92
46 50 106 82
46 51 102 10
46 52 90 23
46 53 153 81
46 54 132 58
46 55 191 94
46 56 75 30
46 57 36 97
46 58 129 87
46 59 158 5
46 60 164 94
46 61 99 65
46 62 145 69
46 63 66 1
46 64 146 92
46 65 140 13
46 66 20 61
46 67 277 8
46 68 177 38
46 69 185 23
47 48 58 3
47 49 170 9
47 50 115 16
47 51 214 34
47 52 189 78
47 53 180 43
47 54 19 22
47 55 275 13
47 56 38 21
47 57 135 67
47 58 222 36
47 59 52 21
47 60 272 53
47 61 129 29
47 62 62 6
47 63 56 2
47 64 188 55
47 65 218 9
47 66 117 86
47 67 238 77
47 68 165 98
47 69 278 52
48 49 228 83
48 50 70 70
48 51 222 95
48 52 210 17
48 53 229 30
48 54 69 24
48 55 306 87
48 56 71 63
48 57 129 58
48 58 199 54
48 59 101 68
48 60 260 36
48 61 89 47
48 62 120 67
48 63 56 87
48 64 233 59
48 65 251 73
48 66 115 63
48 67 296 28
48 68 221 84
48 69 304 2
49 50 279 80
49 51 282 31
49 52 232 65
49 53 124 26
49 54 161 44
49 55 259 2
49 56 175 87
49 57 254 97
49 58 348 10
49 59 138 28
49 60 371 57
49 61 287 66
49 62 108 78
49 63 208 71
49 64 147 20
49 65 211 48
49 66 235 77
49 67 68 7
49 68 66 14
49 69 278 9
50 51 188 53
50 52 193 35
50 53 249 86
50 54 132 43
50 55 296 17
50 56 104 54
50 57 92 96
50 58 136 71
50 59 166 3
50 60 203 95
50 61 21 60
50 62 177 71
50 63 72 90
50 64 247 68
50 65 246 20
50 66 90 85
50 67 345 61
50 68 257 2
50 69 287 40
51 52 53 96
51 53 176 34
51 54 233 98
51 55 130 59
51 56 176 34
51 57 96 47
51 58 115 93
51 59 257 59
51 60 95 47
51 61 172 66
51 62 237 62
51 63 168 46
51 64 157 92
51 65 108 11
51 66 106 27
51 67 326 11
51 68 224 34
51 69 111 76
52 53 123 96
52 54 205 58
52 55 102 35
52 56 151 32
52 57 103 78
52 58 157 24
52 59 224 8
52 60 149 7
52 61 183 25
52 62 199 20
52 63 154 78
52 64 103 43
52 65 62 60
52 66 103 49
52 67 273 72
52 68 171 68
52 69 94 59
53 54 186 52
53 55 135 12
53 56 158 22
53 57 186 98
53 58 268 61
53 59 185 4
53 60 271 45
53 61 249 18
53 62 148 7
53 63 183 99
53 64 23 44
53 65 87 75
53 66 173 29
53 67 152 59
53 68 58 80
53 69 154 53
54 55 288 70
54 56 57 55
54 57 155 88
54 58 242 23
54 59 33 91
54 60 292 57
54 61 147 97
54 62 53 52
54 63 76 47
54 64 196 12
54 65 230 6
54 66 136 12
54 67 229 65
54 68 164 14
54 69 292 24
55 56 241 15
55 57 206 94
55 58 245 73
55 59 299 91
55 60 212 84
55 61 285 28
55 62 267 7
55 63 251 45
55 64 112 88
55 65 58 5
55 66 205 29
55 67 276 60
55 68 193 26
55 69 29 61
56 57 100 58
56 58 191 61
56 59 84 61
56 60 236 2
56 61 112 72
56 62 79 59
56 63 33 38
56 64 161 31
56 65 184 93
56 66 81 41
56 67 240 83
56 68 155 90
56 69 242 37
57 58 94 2
57 59 185 42
57 60 137 29
57 61 79 76
57 62 176 97
57 63 81 32
57 64 177 80
57 65 161 56
57 66 19 91
57 67 313 91
57 68 212 25
57 69 195 76
58 59 274 61
58 60 73 48
58 61 115 38
58 62 269 75
58 63 165 64
58 64 253 69
58 65 219 76
58 66 113 35
58 67 404 94
58 68 302 2
58 69 225 41
59 60 321 67
59 61 181 8
59 62 37 98
59 63 109 93
59 64 199 48
59 65 241 81
59 66 166 15
59 67 206 13
59 68 153 42
59 69 306 11
60 61 183 34
60 62 309 87
60 63 217 79
60 64 252 1
60 65 202 72
60 66 155 70
60 67 419 50
60 68 316 34
60 69 186 61
61 62 188 6
61 63 79 60
61 64 244 92
61 65 238 66
61 66 81 75
61 67 352 97
61 68 261 46
61 69 275 95
62 63 110 64
62 64 163 69
62 65 209 50
62 66 157 15
62 67 176 83
62 68 116 92
62 69 276 75
63 64 183 47
63 65 196 36
63 66 64 41
63 67 273 45
63 68 185 11
63 69 248 58
64 65 64 63
64 66 166 33
64 67 175 12
64 68 81 83
64 69 130 16
65 66 157 7
65 67 239 25
65 68 145 27
65 69 69 83
66 67 295 26
66 68 196 73
66 69 197 55
67 68 103 22
67 69 301 20
68 69 212 47
