45
15
80
1
2
5
25
28
14
31
43
0 1 56 71
0 2 122 95
0 3 105 84
0 4 129 93
0 5 131 74
0 6 71 17
0 7 133 5
0 8 57 62
0 9 163 49
0 10 84 66
0 11 55 9
0 12 45 69
0 13 155 86
0 14 52 59
0 15 114 87
0 16 223 53
0 17 170 62
0 18 77 5
0 19 57 70
0 20 102 96
0 21 53 99
0 22 78 64
0 23 104 31
0 24 57 38
0 25 171 69
0 26 63 28
0 27 136 94
0 28 125 17
0 29 45 93
0 30 152 34
0 31 170 18
0 32 143 62
0 33 98 70
0 34 87 70
0 35 65 97
0 36 122 84
0 37 140 29
0 38 192 79
0 39 85 53
0 40 35 79
0 41 160 85
0 42 60 27
0 43 126 46
0 44 134 84
1 2 165 71
1 3 106 92
1 4 183 28
1 5 186 35
1 6 127 29
1 7 138 75
1 8 60 6
1 9 192 26
1 10 54 44
1 11 70 43
1 12 73 35
1 13 210 70
1 14 83 85
1 15 170 41
1 16 264 86
1 17 196 23
1 18 133 53
1 19 97 95
1 20 144 11
1 21 105 38
1 22 65 37
1 23 132 50
1 24 111 30
1 25 223 60
1 26 20 91
1 27 189 79
1 28 119 75
1 29 58 93
1 30 175 99
1 31 188 23
1 32 152 37
1 33 154 48
1 34 82 7
1 35 27 75
1 36 177 51
1 37 176 68
1 38 235 48
1 39 95 36
1 40 45 48
1 41 214 78
1 42 91 50
1 43 122 37
1 44 190 59
2 3 108 8
2 4 59 47
2 5 76 80
2 6 98 78
2 7 106 69
2 8 113 92
2 9 60 9
2 10 151 34
2 11 99 48
2 12 157 82
2 13 95 51
2 14 81 36
2 15 109 61
2 16 101 12
2 17 73 9
2 18 80 21
2 19 152 45
2 20 20 43
2 21 71 75
2 22 128 26
2 23 50 85
2 24 116 63
2 25 74 76
2 26 180 66
2 27 59 19
2 28 126 46
2 29 165 88
2 30 69 7
2 31 91 9
2 32 100 26
2 33 98 73
2 34 118 92
2 35 183 71
2 36 122 23
2 37 28 39
2 38 70 83
2 39 94 58
2 40 157 92
2 41 77 12
2 42 75 67
2 43 121 2
2 44 107 66
3 4 157 68
3 5 169 30
3 6 146 26
3 7 31 100
3 8 50 76
3 9 102 33
3 10 62 88
3 11 49 40
3 12 149 64
3 13 193 99
3 14 62 50
3 15 181 46
3 16 186 51
3 17 102 77
3 18 137 11
3 19 161 64
3 20 93 2
3 21 101 7
3 22 42 80
3 23 57 80
3 24 146 68
3 25 182 26
3 26 127 97
3 27 160 79
3 28 22 41
3 29 145 28
3 30 79 40
3 31 86 48
3 32 46 58
3 33 164 13
3 34 24 60
3 35 133 93
3 36 193 36
3 37 101 54
3 38 164 92
3 39 22 63
3 40 131 19
3 41 182 43
3 42 57 64
3 43 21 100
3 44 191 62
4 5 18 76
4 6 73 68
4 7 162 77
4 8 146 89
4 9 117 41
4 10 186 78
4 11 132 74
4 12 150 15
4 13 36 18
4 14 111 66
4 15 60 89
4 16 123 30
4 17 130 64
4 18 57 20
4 19 135 85
4 20 65 18
4 21 78 31
4 22 166 27
4 23 104 31
4 24 96 55
4 25 44 61
4 26 193 49
4 27 7 2
4 28 178 56
4 29 163 45
4 30 128 48
4 31 150 43
4 32 158 12
4 33 57 38
4 34 160 61
4 35 194 42
4 36 72 84
4 37 86 18
4 38 91 40
4 39 138 68
4 40 161 94
4 41 31 68
4 42 109 35
4 43 174 80
4 44 51 53
5 6 67 66
5 7 177 54
5 8 154 89
5 9 135 64
5 10 194 90
5 11 141 98
5 12 146 38
5 13 25 41
5 14 119 56
5 15 45 27
5 16 138 36
5 17 148 54
5 18 54 10
5 19 129 43
5 20 80 69
5 21 83 40
5 22 175 7
5 23 119 93
5 24 91 51
5 25 53 93
5 26 194 92
5 27 22 52
5 28 191 58
5 29 160 71
5 30 145 35
5 31 168 45
5 32 174 85
5 33 46 30
5 34 171 8
5 35 195 84
5 36 55 6
5 37 103 19
5 38 107 75
5 39 150 35
5 40 160 60
5 41 34 46
5 42 118 52
5 43 187 84
5 44 33 61
6 7 165 98
6 8 113 11
6 9 157 34
6 10 149 53
6 11 103 49
6 12 79 88
6 13 88 38
6 14 84 11
6 15 42 42
6 16 190 66
6 17 168 79
6 18 18 42
6 19 62 29
6 20 87 84
6 21 45 56
6 22 136 8
6 23 113 70
6 24 23 87
6 25 117 8
6 26 132 13
6 27 80 95
6 28 169 89
6 29 93 27
6 30 157 74
6 31 179 50
6 32 168 7
6 33 27 16
6 34 138 85
6 35 131 31
6 36 52 75
6 37 126 10
6 38 157 60
6 39 124 81
6 40 94 10
6 41 101 24
6 42 88 71
6 43 167 33
6 44 63 86
7 8 80 14
7 9 84 57
7 10 92 21
7 11 78 51
7 12 178 4
7 13 199 72
7 14 85 49
7 15 196 69
7 16 169 55
7 17 80 74
7 18 153 95
7 19 188 43
7 20 97 91
7 21 119 50
7 22 73 23
7 23 58 29
7 24 169 76
7 25 180 55
7 26 158 83
7 27 164 97
7 28 28 59
7 29 175 90
7 30 59 43
7 31 59 69
7 32 16 79
7 33 180 94
7 34 56 20
7 35 165 21
7 36 209 28
7 37 92 45
7 38 152 50
7 39 48 22
7 40 161 55
7 41 184 27
7 42 78 65
7 43 22 10
7 44 202 21
8 9 132 49
8 10 40 19
8 11 14 73
8 12 100 2
8 13 179 55
8 14 35 19
8 15 153 82
8 16 208 40
8 17 136 63
8 18 109 96
8 19 115 18
8 20 94 58
8 21 73 23
8 22 23 30
8 23 73 33
8 24 107 83
8 25 180 68
8 26 80 90
8 27 151 81
8 28 68 4
8 29 95 6
8 30 115 90
8 31 127 90
8 32 93 9
8 33 136 42
8 34 29 5
8 35 86 3
8 36 164 82
8 37 119 20
8 38 181 48
8 39 34 54
8 40 81 32
8 41 176 60
8 42 38 99
8 43 69 94
8 44 168 100
9 10 161 26
9 11 121 84
9 12 204 4
9 13 150 6
9 14 112 64
9 15 170 38
9 16 85 6
9 17 13 70
9 18 139 24
9 19 204 71
9 20 70 31
9 21 121 16
9 22 139 59
9 23 60 42
9 24 172 91
9 25 115 39
9 26 211 23
9 27 115 19
9 28 111 41
9 29 208 68
9 30 25 25
9 31 38 46
9 32 70 98
9 33 159 18
9 34 123 12
9 35 216 38
9 36 183 92
9 37 32 100
9 38 70 90
9 39 101 50
9 40 198 45
9 41 127 42
9 42 104 5
9 43 105 78
9 44 167 17
10 11 54 75
10 12 119 30
10 13 219 96
10 14 75 82
10 15 190 62
10 16 241 1
10 17 162 60
10 18 148 20
10 19 139 64
10 20 132 18
10 21 112 38
10 22 23 69
10 23 106 46
10 24 140 14
10 25 220 48
10 26 74 69
10 27 191 45
10 28 69 59
10 29 108 46
10 30 140 24
10 31 148 49
10 32 108 93
10 33 174 43
10 34 39 54
10 35 81 86
10 36 201 97
10 37 154 43
10 38 216 91
10 39 61 7
10 40 93 10
10 41 216 68
10 42 78 74
10 43 72 31
10 44 207 39
11 12 100 20
11 13 166 2
11 14 21 2
11 15 142 65
11 16 195 5
11 17 126 61
11 18 98 24
11 19 112 76
11 20 80 59
11 21 61 55
11 22 34 22
11 23 61 87
11 24 99 35
11 25 166 13
11 26 89 20
11 27 137 79
11 28 70 14
11 29 97 48
11 30 105 24
11 31 120 4
11 32 88 95
11 33 125 51
11 34 35 39
11 35 94 61
11 36 153 43
11 37 107 21
11 38 167 98
11 39 30 77
11 40 84 28
11 41 162 12
11 42 24 95
11 43 70 72
11 44 156 48
12 13 167 16
12 14 96 24
12 15 116 6
12 16 257 33
12 17 212 86
12 18 93 13
12 19 25 95
12 20 139 59
12 21 86 38
12 22 118 36
12 23 147 3
12 24 56 58
12 25 194 31
12 26 66 92
12 27 157 14
12 28 169 8
12 29 17 53
12 30 195 37
12 31 214 41
12 32 188 1
12 33 104 43
12 34 130 89
12 35 63 77
12 36 119 72
12 37 179 51
12 38 225 57
12 39 130 41
12 40 27 5
12 41 180 35
12 42 105 50
12 43 170 90
12 44 139 35
13 14 144 39
13 15 57 5
13 16 139 8
13 17 163 76
13 18 78 65
13 19 148 9
13 20 102 74
13 21 108 24
13 22 200 55
13 23 141 58
13 24 111 82
13 25 48 70
13 26 218 43
13 27 36 98
13 28 214 55
13 29 182 54
13 30 163 92
13 31 185 59
13 32 195 49
13 33 64 55
13 34 196 28
13 35 219 26
13 36 62 20
13 37 120 62
13 38 110 78
13 39 174 4
13 40 182 53
13 41 28 16
13 42 143 31
13 43 211 29
13 44 36 64
14 15 122 98
14 16 180 49
14 17 118 56
14 18 77 23
14 19 103 78
14 20 61 65
14 21 41 78
14 22 56 46
14 23 52 84
14 24 85 28
14 25 146 20
14 26 100 7
14 27 116 73
14 28 84 41
14 29 97 69
14 30 99 84
14 31 117 86
14 32 92 60
14 33 105 95
14 34 54 53
14 35 104 21
14 36 134 28
14 37 93 28
14 38 151 96
14 39 39 42
14 40 86 92
14 41 141 13
14 42 8 75
14 43 83 29
14 44 135 72
15 16 183 44
15 17 182 9
15 18 44 38
15 19 94 35
15 20 105 86
15 21 81 42
15 22 176 50
15 23 139 98
15 24 61 62
15 25 98 48
15 26 174 67
15 27 66 73
15 28 203 81
15 29 132 29
15 30 176 6
15 31 199 18
15 32 196 49
15 33 17 52
15 34 176 41
15 35 173 2
15 36 13 81
15 37 138 83
15 38 152 20
15 39 159 13
15 40 135 93
15 41 78 96
15 42 124 34
15 43 201 88
15 44 23 20
16 17 91 55
16 18 171 47
16 19 249 70
16 20 120 63
16 21 171 39
16 22 218 76
16 23 135 31
16 24 211 45
16 25 91 91
16 26 280 96
16 27 117 48
16 28 196 63
16 29 266 46
16 30 110 60
16 31 118 89
16 32 155 10
16 33 180 17
16 34 204 34
16 35 284 42
16 36 194 13
16 37 88 80
16 38 32 79
16 39 180 99
16 40 258 67
16 41 111 29
16 42 173 83
16 43 191 97
16 44 170 70
17 18 150 43
17 19 213 5
17 20 81 29
17 21 131 12
17 22 140 29
17 23 66 23
17 24 182 53
17 25 128 34
17 26 215 2
17 27 128 34
17 28 107 15
17 29 215 7
17 30 22 11
17 31 28 60
17 32 64 80
17 33 171 24
17 34 123 62
17 35 221 18
17 36 195 8
17 37 44 31
17 38 80 7
17 39 103 26
17 40 204 35
17 41 139 12
17 42 110 5
17 43 102 25
17 44 180 78
18 19 79 89
18 20 69 68
18 21 36 6
18 22 132 85
18 23 99 54
18 24 40 14
18 25 101 21
18 26 140 75
18 27 64 10
18 28 159 18
18 29 106 27
18 30 140 26
18 31 162 1
18 32 154 5
18 33 27 14
18 34 132 8
18 35 140 22
18 36 56 70
18 37 108 3
18 38 139 1
18 39 115 28
18 40 105 37
18 41 86 52
18 42 80 66
18 43 157 45
18 44 59 41
19 20 135 7
19 21 82 6
19 22 135 54
19 23 150 33
19 24 38 100
19 25 179 45
19 26 92 37
19 27 142 27
19 28 182 73
19 29 43 1
19 30 198 21
19 31 218 68
19 32 196 6
19 33 84 43
19 34 145 86
19 35 89 77
19 36 96 67
19 37 176 97
19 38 216 60
19 39 141 99
19 40 52 58
19 41 163 88
19 42 111 4
19 43 183 24
19 44 117 43
20 21 53 85
20 22 110 67
20 23 39 69
20 24 102 81
20 25 89 54
20 26 160 69
20 27 67 75
20 28 113 44
20 29 146 52
20 30 71 46
20 31 94 98
20 32 94 41
20 33 92 29
20 34 101 86
20 35 163 97
20 36 118 47
20 37 40 64
20 38 90 25
20 39 77 73
20 40 138 8
20 41 89 22
20 42 55 13
20 43 109 15
20 44 107 40
21 22 95 8
21 23 70 1
21 24 52 51
21 25 118 54
21 26 116 92
21 27 84 72
21 28 123 37
21 29 94 14
21 30 117 87
21 31 138 1
21 32 123 60
21 33 64 91
21 34 95 44
21 35 118 99
21 36 93 39
21 37 93 66
21 38 140 91
21 39 79 42
21 40 88 8
21 41 109 33
21 42 43 1
21 43 122 39
21 44 95 70
22 23 83 63
22 24 130 85
22 25 199 9
22 26 86 68
22 27 171 65
22 28 54 7
22 29 110 75
22 30 118 85
22 31 127 61
22 32 88 75
22 33 159 84
22 34 17 43
22 35 92 66
22 36 187 49
22 37 130 53
22 38 193 72
22 39 38 68
22 40 96 64
22 41 195 8
22 42 57 61
22 43 56 3
22 44 190 47
23 24 123 96
23 25 125 35
23 26 150 14
23 27 106 41
23 28 75 66
23 29 149 56
23 30 48 7
23 31 68 54
23 32 56 66
23 33 125 88
23 34 70 64
23 35 155 12
23 36 153 17
23 37 47 85
23 38 110 10
23 39 45 52
23 40 138 71
23 41 127 62
23 42 43 17
23 43 71 83
23 44 145 83
24 25 140 87
24 26 113 2
24 27 104 1
24 28 169 92
24 29 71 6
24 30 169 14
24 31 190 78
24 32 174 49
24 33 48 75
24 34 135 35
24 35 112 1
24 36 67 28
24 37 142 79
24 38 179 19
24 39 124 21
24 40 74 63
24 41 125 95
24 42 90 41
24 43 168 90
24 44 83 53
25 26 235 73
25 27 37 54
25 28 200 43
25 29 206 20
25 30 133 56
25 31 153 50
25 32 172 92
25 33 99 5
25 34 190 79
25 35 236 92
25 36 106 88
25 37 90 21
25 38 64 91
25 39 166 75
25 40 204 57
25 41 20 43
25 42 142 16
25 43 196 16
25 44 81 75
26 27 199 21
26 28 140 57
26 29 50 46
26 30 194 6
26 31 208 83
26 32 172 7
26 33 159 80
26 34 102 16
26 35 7 46
26 36 180 89
26 37 193 53
26 38 250 55
26 39 115 24
26 40 40 93
26 41 224 69
26 42 108 6
26 43 142 75
26 44 195 38
27 28 180 64
27 29 170 51
27 30 127 58
27 31 149 55
27 32 159 50
27 33 64 98
27 34 164 33
27 35 201 56
27 36 77 38
27 37 84 72
27 38 85 4
27 39 142 7
27 40 167 4
27 41 25 67
27 42 113 47
27 43 176 39
27 44 55 24
28 29 163 10
28 30 86 80
28 31 87 18
28 32 44 93
28 33 187 23
28 34 39 37
28 35 146 66
28 36 216 57
28 37 116 64
28 38 177 4
28 39 44 51
28 40 148 23
28 41 202 57
28 42 80 51
28 43 5 82
28 44 213 46
29 30 197 31
29 31 214 48
29 32 185 22
29 33 119 92
29 34 124 58
29 35 46 29
29 36 136 40
29 37 184 25
29 38 234 83
29 39 127 79
29 40 14 46
29 41 193 47
29 42 105 19
29 43 164 54
29 44 154 94
30 31 22 1
30 32 45 96
30 33 163 76
30 34 101 60
30 35 200 50
30 36 189 87
30 37 43 18
30 38 94 10
30 39 81 79
30 40 185 99
30 41 143 22
30 42 91 7
30 43 81 79
30 44 176 6
31 32 42 68
31 33 186 47
31 34 110 77
31 35 214 43
31 36 212 70
31 37 65 72
31 38 108 78
31 39 93 69
31 40 202 54
31 41 164 61
31 42 109 92
31 43 81 76
31 44 199 23
32 33 181 6
32 34 70 58
32 35 178 13
32 36 209 9
32 37 82 90
32 38 139 99
32 39 58 32
32 40 172 17
32 41 178 34
32 42 85 80
32 43 39 92
32 44 201 44
33 34 159 25
33 35 158 93
33 36 29 74
33 37 127 54
33 38 148 39
33 39 143 30
33 40 121 45
33 41 81 60
33 42 107 44
33 43 185 47
33 44 36 82
34 35 109 22
34 36 188 82
34 37 117 39
34 38 180 89
34 39 24 39
34 40 109 27
34 41 188 95
34 42 52 60
34 43 41 79
34 44 189 38
35 36 179 40
35 37 197 86
35 38 254 66
35 39 121 26
35 40 38 18
35 41 225 45
35 42 112 63
35 43 149 72
35 44 194 86
36 37 151 74
36 38 163 48
36 39 172 46
36 40 141 7
36 41 86 75
36 42 136 17
36 43 214 91
36 44 26 93
37 38 63 22
37 39 93 53
37 40 175 1
37 41 99 44
37 42 85 45
37 43 111 98
37 44 135 55
38 39 156 73
38 40 227 18
38 41 83 87
38 42 144 39
38 43 172 30
38 44 140 43
39 40 113 66
39 41 165 51
39 42 35 7
39 43 43 59
39 44 170 2
40 41 191 2
40 42 94 77
40 43 150 76
40 44 157 75
41 42 138 31
41 43 198 65
41 44 61 39
42 43 78 12
42 44 136 97
43 44 210 28
