70
8
80
8
48
12
35
58
6
29
5
63
5
13
30
20
42
62
0 1 249 91
0 2 142 20
0 3 190 13
0 4 96 97
0 5 466 66
0 6 294 90
0 7 221 45
0 8 231 47
0 9 425 28
0 10 239 18
0 11 300 86
0 12 272 26
0 13 231 44
0 14 405 42
0 15 332 100
0 16 299 47
0 17 360 71
0 18 253 3
0 19 256 91
0 20 155 82
0 21 289 36
0 22 165 65
0 23 255 59
0 24 122 49
0 25 228 86
0 26 270 37
0 27 178 31
0 28 352 74
0 29 172 97
0 30 249 91
0 31 308 25
0 32 171 68
0 33 111 4
0 34 273 4
0 35 412 56
0 36 115 70
0 37 266 34
0 38 198 1
0 39 410 80
0 40 172 27
0 41 263 56
0 42 115 7
0 43 392 44
0 44 55 90
0 45 274 31
0 46 152 48
0 47 216 28
0 48 281 44
0 49 289 63
0 50 265 38
0 51 90 97
0 52 252 67
0 53 381 33
0 54 155 7
0 55 296 91
0 56 178 30
0 57 206 43
0 58 399 11
0 59 256 100
0 60 291 41
0 61 252 6
0 62 160 56
0 63 356 76
0 64 127 78
0 65 241 38
0 66 261 70
0 67 335 97
0 68 226 55
0 69 328 83
1 2 123 66
1 3 137 3
1 4 169 59
1 5 232 45
1 6 80 20
1 7 61 98
1 8 24 69
1 9 192 67
1 10 58 36
1 11 169 64
1 12 212 33
1 13 20 52
1 14 182 15
1 15 157 59
1 16 186 45
1 17 112 88
1 18 17 63
1 19 248 42
1 20 198 26
1 21 126 83
1 22 124 32
1 23 95 1
1 24 164 66
1 25 21 7
1 26 72 51
1 27 86 37
1 28 110 77
1 29 76 31
1 30 118 47
1 31 75 86
1 32 211 44
1 33 176 29
1 34 97 14
1 35 186 48
1 36 136 27
1 37 203 87
1 38 127 6
1 39 201 55
1 40 154 65
1 41 221 21
1 42 142 10
1 43 155 100
1 44 224 35
1 45 271 45
1 46 128 50
1 47 243 37
1 48 134 83
1 49 42 46
1 50 43 48
1 51 226 55
1 52 41 48
1 53 204 41
1 54 93 82
1 55 131 72
1 56 91 94
1 57 220 98
1 58 152 85
1 59 16 38
1 60 99 19
1 61 85 18
1 62 146 3
1 63 133 33
1 64 124 14
1 65 132 67
1 66 45 65
1 67 302 45
1 68 84 46
1 69 92 92
2 3 62 22
2 4 49 83
2 5 323 64
2 6 153 38
2 7 80 86
2 8 114 18
2 9 283 39
2 10 97 56
2 11 167 92
2 12 162 79
2 13 111 82
2 14 262 83
2 15 191 44
2 16 171 19
2 17 225 82
2 18 121 23
2 19 172 41
2 20 87 43
2 21 148 66
2 22 30 19
2 23 112 58
2 24 42 91
2 25 107 88
2 26 172 9
2 27 39 71
2 28 213 98
2 29 59 69
2 30 183 54
2 31 196 35
2 32 104 71
2 33 53 9
2 34 187 37
2 35 270 69
2 36 66 71
2 37 153 64
2 38 151 42
2 39 268 9
2 40 58 91
2 41 161 19
2 42 81 48
2 43 252 32
2 44 105 33
2 45 196 40
2 46 18 44
2 47 149 99
2 48 143 82
2 49 157 13
2 50 154 93
2 51 102 4
2 52 114 19
2 53 242 66
2 54 45 36
2 55 155 2
2 56 36 57
2 57 128 68
2 58 264 22
2 59 125 66
2 60 199 21
2 61 166 82
2 62 43 21
2 63 214 52
2 64 31 15
2 65 105 44
2 66 152 88
2 67 246 30
2 68 145 57
2 69 189 14
3 4 94 78
3 5 292 74
3 6 130 51
3 7 76 48
3 8 139 64
3 9 254 45
3 10 87 90
3 11 109 3
3 12 100 24
3 13 133 30
3 14 228 15
3 15 144 14
3 16 111 90
3 17 215 85
3 18 127 17
3 19 118 41
3 20 68 73
3 21 103 51
3 22 32 95
3 23 77 72
3 24 68 11
3 25 129 80
3 26 202 24
3 27 65 100
3 28 196 18
3 29 103 71
3 30 227 30
3 31 213 84
3 32 76 7
3 33 80 34
3 34 223 55
3 35 237 22
3 36 129 89
3 37 91 4
3 38 204 79
3 39 227 74
3 40 22 35
3 41 101 75
3 42 143 84
3 43 227 49
3 44 142 58
3 45 142 54
3 46 45 18
3 47 106 33
3 48 93 52
3 49 157 29
3 50 177 89
3 51 123 52
3 52 109 65
3 53 191 90
3 54 98 63
3 55 109 64
3 56 58 33
3 57 83 27
3 58 250 80
3 59 131 33
3 60 230 1
3 61 204 63
3 62 30 74
3 63 184 69
3 64 93 14
3 65 51 95
3 66 178 12
3 67 186 59
3 68 188 40
3 69 171 31
4 5 372 73
4 6 201 58
4 7 129 21
4 8 156 39
4 9 332 55
4 10 146 33
4 11 204 30
4 12 185 100
4 13 154 97
4 14 310 80
4 15 235 76
4 16 204 79
4 17 274 71
4 18 169 42
4 19 180 33
4 20 79 7
4 21 192 44
4 22 69 28
4 23 158 68
4 24 29 53
4 25 151 6
4 26 210 11
4 27 87 59
4 28 262 82
4 29 97 12
4 30 209 88
4 31 238 64
4 32 98 25
4 33 25 88
4 34 221 21
4 35 318 14
4 36 67 19
4 37 177 84
4 38 168 98
4 39 314 82
4 40 78 86
4 41 178 96
4 42 80 82
4 43 301 25
4 44 56 72
4 45 202 24
4 46 56 60
4 47 148 91
4 48 184 74
4 49 205 10
4 50 195 42
4 51 60 99
4 52 163 9
4 53 284 91
4 54 80 43
4 55 199 36
4 56 85 94
4 57 130 85
4 58 313 22
4 59 172 8
4 60 235 99
4 61 199 39
4 62 65 73
4 63 262 86
4 64 49 77
4 65 144 90
4 66 193 86
4 67 258 25
4 68 175 77
4 69 238 80
5 6 171 17
5 7 244 81
5 8 256 36
5 9 40 12
5 10 227 4
5 11 210 92
5 12 280 49
5 13 252 12
5 14 64 85
5 15 159 70
5 16 228 53
5 17 130 5
5 18 221 27
5 19 335 11
5 20 357 82
5 21 191 21
5 22 305 100
5 23 215 8
5 24 354 14
5 25 254 24
5 26 267 75
5 27 287 33
5 28 122 98
5 29 301 16
5 30 325 58
5 31 224 81
5 32 358 27
5 33 367 95
5 34 289 63
5 35 54 54
5 36 362 14
5 37 278 61
5 38 354 73
5 39 79 54
5 40 314 39
5 41 300 93
5 42 370 90
5 43 76 38
5 44 427 32
5 45 347 85
5 46 316 3
5 47 359 52
5 48 204 66
5 49 190 58
5 50 246 59
5 51 414 17
5 52 215 35
5 53 139 21
5 54 315 5
5 55 186 29
5 56 287 47
5 57 343 36
5 58 101 17
5 59 219 51
5 60 274 86
5 61 292 45
5 62 319 87
5 63 109 13
5 64 339 22
5 65 245 8
5 66 251 40
5 67 334 62
5 68 305 74
5 69 140 82
6 7 73 23
6 8 103 35
6 9 130 46
6 10 55 79
6 11 105 68
6 12 165 57
6 13 97 73
6 14 112 61
6 15 80 89
6 16 125 24
6 17 88 39
6 18 64 94
6 19 213 1
6 20 198 50
6 21 59 46
6 22 137 76
6 23 54 36
6 24 185 5
6 25 96 85
6 26 145 68
6 27 116 70
6 28 66 66
6 29 133 65
6 30 197 16
6 31 125 9
6 32 204 77
6 33 198 56
6 34 171 92
6 35 118 74
6 36 193 1
6 37 158 53
6 38 207 86
6 39 125 61
6 40 153 66
6 41 180 63
6 42 203 60
6 43 99 67
6 44 257 58
6 45 232 42
6 46 147 12
6 47 222 31
6 48 74 29
6 49 56 64
6 50 115 13
6 51 247 68
6 52 47 57
6 53 124 70
6 54 145 50
6 55 62 86
6 56 116 89
6 57 201 82
6 58 120 90
6 59 64 60
6 60 167 29
6 61 162 65
6 62 153 20
6 63 62 3
6 64 169 18
6 65 96 62
6 66 119 89
6 67 249 59
6 68 164 68
6 69 41 6
7 8 68 38
7 9 204 58
7 10 17 83
7 11 122 21
7 12 153 79
7 13 62 31
7 14 185 71
7 15 128 77
7 16 136 46
7 17 147 60
7 18 50 1
7 19 186 7
7 20 141 41
7 21 87 7
7 22 69 22
7 23 48 89
7 24 116 63
7 25 58 31
7 26 131 91
7 27 43 35
7 28 133 98
7 29 65 25
7 30 166 71
7 31 136 57
7 32 151 83
7 33 129 73
7 34 154 52
7 35 191 53
7 36 122 51
7 37 144 20
7 38 158 38
7 39 194 83
7 40 95 91
7 41 161 4
7 42 133 97
7 43 171 79
7 44 185 79
7 45 210 3
7 46 77 2
7 47 182 68
7 48 89 32
7 49 82 18
7 50 103 67
7 51 179 31
7 52 35 29
7 53 179 45
7 54 75 97
7 55 94 65
7 56 43 13
7 57 159 70
7 58 184 78
7 59 54 80
7 60 158 51
7 61 137 40
7 62 90 5
7 63 135 45
7 64 95 86
7 65 74 92
7 66 104 74
7 67 244 34
7 68 127 76
7 69 109 87
8 9 216 89
8 10 71 24
8 11 186 47
8 12 222 45
8 13 6 67
8 14 206 17
8 15 178 84
8 16 201 40
8 17 134 75
8 18 39 54
8 19 254 72
8 20 195 37
8 21 144 12
8 22 120 94
8 23 110 57
8 24 156 80
8 25 9 4
8 26 63 16
8 27 80 21
8 28 134 10
8 29 60 34
8 30 100 15
8 31 82 33
8 32 209 44
8 33 167 24
8 34 85 43
8 35 210 53
8 36 116 49
8 37 212 73
8 38 104 64
8 39 225 90
8 40 152 69
8 41 230 4
8 42 120 28
8 43 179 38
8 44 210 19
8 45 277 21
8 46 121 44
8 47 245 76
8 48 151 70
8 49 66 1
8 50 40 31
8 51 215 11
8 52 59 1
8 53 226 87
8 54 77 55
8 55 150 29
8 56 86 71
8 57 222 92
8 58 174 66
8 59 39 12
8 60 91 15
8 61 69 67
8 62 143 73
8 63 157 92
8 64 109 46
8 65 142 10
8 66 39 14
8 67 312 51
8 68 63 87
8 69 117 84
9 10 186 60
9 11 180 66
9 12 251 39
9 13 212 63
9 14 33 42
9 15 128 93
9 16 199 95
9 17 94 35
9 18 181 92
9 19 305 87
9 20 320 24
9 21 155 47
9 22 266 17
9 23 176 37
9 24 315 42
9 25 213 71
9 26 229 86
9 27 247 62
9 28 82 10
9 29 260 9
9 30 288 36
9 31 188 6
9 32 322 3
9 33 328 34
9 34 253 79
9 35 22 68
9 36 321 63
9 37 247 76
9 38 315 83
9 39 61 67
9 40 276 19
9 41 269 72
9 42 330 20
9 43 37 97
9 44 387 83
9 45 319 23
9 46 277 37
9 47 327 74
9 48 169 91
9 49 150 41
9 50 207 24
9 51 375 61
9 52 174 37
9 53 119 35
9 54 274 77
9 55 150 45
9 56 247 7
9 57 309 46
9 58 72 31
9 59 179 81
9 60 239 64
9 61 254 59
9 62 280 18
9 63 70 49
9 64 299 93
9 65 208 100
9 66 213 61
9 67 311 54
9 68 266 94
9 69 100 16
10 11 114 1
10 12 153 74
10 13 65 16
10 14 167 60
10 15 114 96
10 16 130 12
10 17 131 75
10 18 44 57
10 19 190 1
10 20 153 81
10 21 74 10
10 22 85 98
10 23 38 69
10 24 132 28
10 25 62 28
10 26 130 13
10 27 60 23
10 28 116 49
10 29 81 51
10 30 171 23
10 31 130 86
10 32 163 17
10 33 145 29
10 34 155 66
10 35 174 37
10 36 139 40
10 37 144 49
10 38 168 89
10 39 177 74
10 40 107 63
10 41 163 67
10 42 149 71
10 43 154 31
10 44 203 58
10 45 213 5
10 46 93 27
10 47 189 72
10 48 80 79
10 49 70 1
10 50 101 7
10 51 195 58
10 52 22 96
10 53 164 13
10 54 91 55
10 55 81 45
10 56 61 46
10 57 167 3
10 58 168 64
10 59 47 98
10 60 157 75
10 61 140 98
10 62 104 95
10 63 117 28
10 64 113 98
10 65 73 50
10 66 103 97
10 67 243 4
10 68 133 36
10 69 91 42
11 12 71 95
11 13 179 69
11 14 148 74
11 15 51 12
11 16 21 1
11 17 184 13
11 18 153 34
11 19 125 12
11 20 160 39
11 21 46 82
11 22 138 23
11 23 76 90
11 24 178 25
11 25 176 21
11 26 241 82
11 27 149 29
11 28 157 11
11 29 184 26
11 30 286 39
11 31 229 93
11 32 155 43
11 33 189 70
11 34 267 92
11 35 158 33
11 36 229 97
11 37 67 24
11 38 281 5
11 39 134 73
11 40 128 23
11 41 89 15
11 42 243 22
11 43 166 93
11 44 250 11
11 45 140 43
11 46 151 17
11 47 149 45
11 48 34 4
11 49 159 84
11 50 211 93
11 51 227 58
11 52 128 57
11 53 86 59
11 54 188 2
11 55 43 70
11 56 144 41
11 57 135 7
11 58 206 20
11 59 155 73
11 60 266 44
11 61 254 19
11 62 139 30
11 63 121 55
11 64 195 99
11 65 61 5
11 66 214 45
11 67 145 50
11 68 248 79
11 69 137 8
12 13 215 46
12 14 218 61
12 15 122 73
12 16 52 5
12 17 250 1
12 18 197 87
12 19 54 25
12 20 118 20
12 21 107 85
12 22 133 16
12 23 119 81
12 24 156 60
12 25 212 8
12 26 283 63
12 27 161 22
12 28 224 34
12 29 200 34
12 30 319 71
12 31 281 65
12 32 107 97
12 33 163 3
12 34 307 54
12 35 229 76
12 36 229 93
12 37 9 1
12 38 302 20
12 39 203 51
12 40 107 8
12 41 19 76
12 42 244 1
12 43 237 73
12 44 219 98
12 45 69 51
12 46 144 88
12 47 84 45
12 48 92 36
12 49 213 90
12 50 255 23
12 51 188 94
12 52 173 89
12 53 148 100
12 54 198 38
12 55 108 3
12 56 154 50
12 57 77 88
12 58 275 70
12 59 200 8
12 60 311 36
12 61 291 94
12 62 122 29
12 63 192 92
12 64 193 100
12 65 79 28
12 66 257 92
12 67 90 11
12 68 279 37
12 69 202 97
13 14 202 83
13 15 172 65
13 16 195 38
13 17 132 66
13 18 33 13
13 19 248 25
13 20 190 53
13 21 137 16
13 22 116 19
13 23 103 65
13 24 153 8
13 25 4 69
13 26 69 50
13 27 75 28
13 28 131 88
13 29 59 27
13 30 106 25
13 31 85 82
13 32 204 58
13 33 164 75
13 34 91 79
13 35 205 43
13 36 117 98
13 37 206 13
13 38 110 27
13 39 220 46
13 40 148 67
13 41 223 1
13 42 122 84
13 43 176 92
13 44 209 71
13 45 271 53
13 46 117 74
13 47 240 96
13 48 144 73
13 49 63 52
13 50 44 98
13 51 213 31
13 52 53 78
13 53 220 67
13 54 76 34
13 55 143 75
13 56 81 51
13 57 216 33
13 58 171 62
13 59 34 26
13 60 97 100
13 61 75 54
13 62 138 11
13 63 152 62
13 64 108 72
13 65 135 50
13 66 44 95
13 67 306 46
13 68 69 17
13 69 112 49
14 15 96 32
14 16 166 58
14 17 100 54
14 18 169 76
14 19 273 4
14 20 292 74
14 21 126 79
14 22 242 30
14 23 152 21
14 24 291 77
14 25 202 98
14 26 229 52
14 27 227 34
14 28 80 64
14 29 244 23
14 30 287 18
14 31 191 71
14 32 293 84
14 33 304 32
14 34 254 81
14 35 11 90
14 36 305 94
14 37 215 65
14 38 309 20
14 39 33 83
14 40 250 47
14 41 237 75
14 42 314 91
14 43 43 79
14 44 365 99
14 45 286 3
14 46 254 31
14 47 296 32
14 48 140 74
14 49 142 22
14 50 204 87
14 51 350 13
14 52 158 38
14 53 86 84
14 54 258 45
14 55 121 99
14 56 227 55
14 57 279 12
14 58 91 12
14 59 167 34
14 60 242 13
14 61 252 33
14 62 255 41
14 63 50 51
14 64 280 75
14 65 180 18
14 66 209 49
14 67 278 96
14 68 262 54
14 69 90 37
15 16 71 16
15 17 142 3
15 18 140 19
15 19 177 22
15 20 203 60
15 21 43 99
15 22 166 8
15 23 81 36
15 24 211 16
15 25 170 77
15 26 225 10
15 27 164 35
15 28 114 56
15 29 193 18
15 30 276 56
15 31 204 8
15 32 201 80
15 33 224 17
15 34 251 13
15 35 107 62
15 36 247 51
15 37 119 6
15 38 281 78
15 39 85 96
15 40 165 48
15 41 141 96
15 42 259 17
15 43 116 44
15 44 286 56
15 45 191 28
15 46 179 52
15 47 200 80
15 48 51 11
15 49 135 87
15 50 195 18
15 51 266 9
15 52 119 13
15 53 51 91
15 54 201 14
15 55 36 50
15 56 161 22
15 57 184 27
15 58 159 66
15 59 141 62
15 60 247 31
15 61 242 2
15 62 173 73
15 63 73 84
15 64 216 96
15 65 93 6
15 66 199 74
15 67 190 17
15 68 241 24
15 69 99 21
16 17 205 12
16 18 170 48
16 19 106 84
16 20 153 62
16 21 66 47
16 22 141 10
16 23 91 96
16 24 177 33
16 25 192 75
16 26 259 29
16 27 157 20
16 28 178 5
16 29 195 71
16 30 301 49
16 31 249 10
16 32 146 1
16 33 187 71
16 34 284 61
16 35 177 27
16 36 236 100
16 37 50 52
16 38 293 51
16 39 150 79
16 40 126 24
16 41 71 54
16 42 250 51
16 43 186 79
16 44 247 1
16 45 120 49
16 46 155 12
16 47 134 46
16 48 53 89
16 49 179 21
16 50 229 65
16 51 221 16
16 52 145 74
16 53 97 1
16 54 196 38
16 55 64 35
16 56 152 66
16 57 122 70
16 58 227 100
16 59 172 18
16 60 284 64
16 61 270 36
16 62 139 45
16 63 142 87
16 64 201 76
16 65 67 75
16 66 232 77
16 67 124 86
16 68 263 74
16 69 158 45
17 18 107 17
17 19 300 85
17 20 283 95
17 21 142 31
17 22 216 72
17 23 142 9
17 24 263 26
17 25 134 59
17 26 136 72
17 27 186 68
17 28 28 89
17 29 188 49
17 30 195 49
17 31 94 50
17 32 291 4
17 33 276 94
17 34 159 72
17 35 98 75
17 36 248 64
17 37 243 44
17 38 225 79
17 39 131 76
17 40 237 55
17 41 266 89
17 42 254 4
17 43 59 11
17 44 330 83
17 45 319 31
17 46 224 55
17 47 310 13
17 48 158 71
17 49 70 36
17 50 117 66
17 51 326 99
17 52 112 24
17 53 166 99
17 54 204 13
17 55 142 76
17 56 189 19
17 57 289 49
17 58 39 66
17 59 103 4
17 60 145 61
17 61 162 51
17 62 236 75
17 63 73 73
17 64 233 30
17 65 184 30
17 66 122 94
17 67 329 75
17 68 176 48
17 69 47 49
18 19 235 66
18 20 191 21
18 21 109 6
18 22 118 4
18 23 79 18
18 24 161 72
18 25 33 46
18 26 88 97
18 27 82 26
18 28 101 14
18 29 81 59
18 30 135 84
18 31 86 86
18 32 202 12
18 33 173 49
18 34 114 56
18 35 173 44
18 36 142 58
18 37 188 88
18 38 143 97
18 39 187 16
18 40 145 52
18 41 207 40
18 42 149 64
18 43 145 50
18 44 225 61
18 45 257 41
18 46 123 85
18 47 232 91
18 48 118 86
18 49 36 98
18 50 58 18
18 51 224 56
18 52 24 38
18 53 188 99
18 54 97 61
18 55 114 17
18 56 86 31
18 57 209 20
18 58 146 20
18 59 4 99
18 60 114 40
18 61 102 95
18 62 140 32
18 63 119 69
18 64 126 59
18 65 117 2
18 66 61 97
18 67 287 7
18 68 101 7
18 69 81 72
19 20 102 1
19 21 158 95
19 22 146 26
19 23 162 3
19 24 152 50
19 25 244 7
19 26 317 15
19 27 183 50
19 28 274 85
19 29 221 10
19 30 345 46
19 31 321 91
19 32 85 94
19 33 155 42
19 34 339 13
19 35 284 42
19 36 236 61
19 37 58 31
19 38 321 77
19 39 257 87
19 40 113 67
19 41 35 70
19 42 251 39
19 43 290 61
19 44 201 87
19 45 24 16
19 46 155 51
19 47 42 10
19 48 142 64
19 49 257 85
19 50 290 89
19 51 166 24
19 52 212 38
19 53 202 74
19 54 214 87
19 55 160 73
19 56 176 98
19 57 50 40
19 58 326 11
19 59 238 25
19 60 345 100
19 61 321 17
19 62 129 1
19 63 245 24
19 64 202 23
19 65 119 4
19 66 291 73
19 67 79 67
19 68 306 47
19 69 252 6
20 21 166 82
20 22 74 85
20 23 145 80
20 24 54 71
20 25 186 100
20 26 256 44
20 27 114 59
20 28 265 38
20 29 145 12
20 30 270 38
20 31 274 7
20 32 18 7
20 33 54 86
20 34 273 11
20 35 302 47
20 36 142 99
20 37 112 33
20 38 237 54
20 39 288 74
20 40 46 23
20 41 107 34
20 42 156 84
20 43 294 88
20 44 101 39
20 45 123 33
20 46 74 82
20 47 68 30
20 48 153 88
20 49 223 85
20 50 235 33
20 51 70 80
20 52 175 96
20 53 246 1
20 54 133 8
20 55 171 96
20 56 108 84
20 57 51 61
20 58 318 63
20 59 195 6
20 60 284 41
20 61 252 71
20 62 51 32
20 63 251 25
20 64 111 17
20 65 111 15
20 66 234 49
20 67 181 49
20 68 233 48
20 69 239 10
21 22 123 80
21 23 39 94
21 24 169 3
21 25 135 84
21 26 197 35
21 27 121 94
21 28 116 65
21 29 152 55
21 30 244 59
21 31 183 45
21 32 167 39
21 33 182 46
21 34 223 32
21 35 136 45
21 36 204 8
21 37 101 27
21 38 243 24
21 39 123 89
21 40 125 10
21 41 124 67
21 42 216 3
21 43 133 7
21 44 244 33
21 45 176 72
21 46 136 12
21 47 174 33
21 48 16 74
21 49 113 92
21 50 167 2
21 51 226 90
21 52 85 67
21 53 94 55
21 54 159 57
21 55 7 60
21 56 118 6
21 57 155 36
21 58 168 21
21 59 111 44
21 60 221 32
21 61 211 17
21 62 132 77
21 63 88 40
21 64 173 55
21 65 54 8
21 66 170 87
21 67 189 75
21 68 207 93
21 69 94 86
22 23 90 50
22 24 48 94
22 25 112 75
22 26 182 40
22 27 40 89
22 28 201 15
22 29 75 52
22 30 201 82
22 31 199 28
22 32 88 18
22 33 61 22
22 34 201 24
22 35 250 64
22 36 96 69
22 37 124 42
22 38 175 94
22 39 245 54
22 40 34 1
22 41 132 5
22 42 111 70
22 43 236 80
22 44 122 28
22 45 170 53
22 46 13 37
22 47 128 23
22 48 116 3
22 49 151 40
22 50 160 43
22 51 110 91
22 52 105 64
22 53 216 62
22 54 67 37
22 55 130 8
22 56 34 59
22 57 106 31
22 58 253 77
22 59 122 80
22 60 210 33
22 61 180 59
22 62 22 98
22 63 196 8
22 64 60 45
22 65 77 92
22 66 160 61
22 67 218 34
22 68 162 53
22 69 176 68
23 24 138 18
23 25 100 75
23 26 167 42
23 27 83 13
23 28 120 62
23 29 113 9
23 30 210 38
23 31 161 97
23 32 150 22
23 33 151 34
23 34 192 79
23 35 160 19
23 36 165 93
23 37 111 40
23 38 205 73
23 39 155 60
23 40 100 3
23 41 131 63
23 42 178 32
23 43 149 70
23 44 212 24
23 45 183 15
23 46 102 92
23 47 168 71
23 48 41 8
23 49 94 82
23 50 138 45
23 51 198 12
23 52 54 82
23 53 133 2
23 54 120 78
23 55 46 53
23 56 80 4
23 57 147 30
23 58 174 83
23 59 82 32
23 60 193 85
23 61 178 73
23 62 103 87
23 63 106 11
23 64 135 59
23 65 43 31
23 66 140 54
23 67 208 15
23 68 172 28
23 69 95 6
24 25 149 13
24 26 214 38
24 27 79 22
24 28 249 35
24 29 100 94
24 30 221 18
24 31 238 57
24 32 73 41
24 33 13 2
24 34 228 28
24 35 299 30
24 36 87 52
24 37 148 74
24 38 184 91
24 39 293 100
24 40 50 96
24 41 149 22
24 42 102 60
24 43 285 49
24 44 74 56
24 45 174 86
24 46 39 7
24 47 122 97
24 48 160 4
24 49 196 100
24 50 196 15
24 51 62 71
24 52 151 72
24 53 260 97
24 54 85 96
24 55 176 29
24 56 75 50
24 57 103 35
24 58 301 53
24 59 165 5
24 60 241 37
24 61 206 100
24 62 38 24
24 63 244 77
24 64 59 50
24 65 119 41
24 66 194 20
24 67 230 29
24 68 185 24
24 69 224 65
25 26 73 57
25 27 71 4
25 28 132 78
25 29 55 28
25 30 109 16
25 31 89 95
25 32 200 69
25 33 160 96
25 34 95 40
25 35 206 66
25 36 115 83
25 37 202 14
25 38 111 36
25 39 220 93
25 40 143 40
25 41 220 56
25 42 120 9
25 43 177 24
25 44 205 52
25 45 268 46
25 46 113 95
25 47 236 9
25 48 141 99
25 49 64 23
25 50 48 63
25 51 209 41
25 52 51 57
25 53 219 90
25 54 73 54
25 55 141 76
25 56 77 18
25 57 212 37
25 58 174 75
25 59 34 48
25 60 101 48
25 61 79 16
25 62 134 9
25 63 153 65
25 64 104 13
25 65 132 32
25 66 48 19
25 67 302 16
25 68 72 64
25 69 113 45
26 27 142 23
26 28 149 12
26 29 114 42
26 30 59 61
26 31 46 31
26 32 271 17
26 33 224 24
26 34 26 73
26 35 229 23
26 36 156 99
26 37 274 13
26 38 95 22
26 39 254 15
26 40 215 61
26 41 292 27
26 42 155 5
26 43 193 23
26 44 259 19
26 45 341 24
26 46 182 51
26 47 309 42
26 48 206 16
26 49 91 89
26 50 30 63
26 51 270 49
26 52 113 15
26 53 268 81
26 54 130 74
26 55 202 17
26 56 148 3
26 57 285 49
26 58 170 29
26 59 86 54
26 60 28 70
26 61 26 32
26 62 205 19
26 63 185 14
26 64 161 70
26 65 203 50
26 66 27 57
26 67 374 45
26 68 47 63
26 69 141 51
27 28 175 68
27 29 39 12
27 30 162 95
27 31 160 59
27 32 129 62
27 33 91 20
27 34 160 45
27 35 234 75
27 36 82 69
27 37 152 81
27 38 141 8
27 39 236 74
27 40 74 12
27 41 164 68
27 42 95 65
27 43 214 44
27 44 144 92
27 45 207 56
27 46 42 31
27 47 168 86
27 48 119 32
27 49 118 10
27 50 120 17
27 51 141 77
27 52 75 55
27 53 216 47
27 54 39 61
27 55 129 78
27 56 7 96
27 57 145 45
27 58 225 99
27 59 86 88
27 60 170 14
27 61 140 48
27 62 63 86
27 63 178 50
27 64 53 65
27 65 90 77
27 66 119 58
27 67 250 64
27 68 123 51
27 69 151 1
28 29 182 58
28 30 208 54
28 31 112 21
28 32 271 16
28 33 262 13
28 34 174 54
28 35 80 16
28 36 244 50
28 37 217 99
28 38 233 76
28 39 108 23
28 40 219 23
28 41 240 89
28 42 251 2
28 43 45 76
28 44 319 9
28 45 293 60
28 46 210 19
28 47 287 72
28 48 132 96
28 49 68 15
28 50 125 80
28 51 312 32
28 52 100 94
28 53 138 25
28 54 198 31
28 55 115 74
28 56 177 79
28 57 266 44
28 58 53 93
28 59 99 41
28 60 162 29
28 61 173 44
28 62 219 55
28 63 45 20
28 64 225 44
28 65 161 1
28 66 131 96
28 67 302 47
28 68 184 66
28 69 25 64
29 30 126 46
29 31 141 50
29 32 162 32
29 33 109 29
29 34 128 17
29 35 250 18
29 36 61 27
29 37 191 52
29 38 101 31
29 39 257 88
29 40 110 100
29 41 204 40
29 42 69 28
29 43 225 9
29 44 150 95
29 45 245 32
29 46 71 86
29 47 204 48
29 48 153 20
29 49 117 28
29 50 98 78
29 51 157 27
29 52 86 76
29 53 245 8
29 54 17 28
29 55 159 77
29 56 46 63
29 57 181 66
29 58 227 74
29 59 84 13
29 60 141 25
29 61 107 86
29 62 97 37
29 63 194 48
29 64 49 41
29 65 128 20
29 66 96 11
29 67 289 10
29 68 87 14
29 69 160 13
30 31 103 21
30 32 287 35
30 33 228 12
30 34 38 62
30 35 288 49
30 36 145 21
30 37 309 75
30 38 52 68
30 39 312 15
30 40 236 43
30 41 325 50
30 42 138 58
30 43 252 72
30 44 250 93
30 45 369 69
30 46 197 67
30 47 330 7
30 48 251 44
30 49 147 62
30 50 84 20
30 51 269 63
30 52 158 49
30 53 322 55
30 54 137 8
30 55 249 20
30 56 169 46
30 57 307 47
30 58 228 96
30 59 134 40
30 60 57 96
30 61 35 27
30 62 223 15
30 63 243 55
30 64 162 23
30 65 240 41
30 66 79 68
30 67 409 2
30 68 39 66
30 69 199 54
31 32 286 52
31 33 249 25
31 34 65 52
31 35 191 38
31 36 193 47
31 37 272 48
31 38 141 7
31 39 219 39
31 40 230 86
31 41 293 70
31 42 194 56
31 43 153 24
31 44 291 93
31 45 344 74
31 46 202 53
31 47 319 37
31 48 196 16
31 49 70 88
31 50 43 64
31 51 297 18
31 52 109 79
31 53 242 54
31 54 159 63
31 55 187 96
31 56 165 75
31 57 295 48
31 58 125 96
31 59 82 47
31 60 51 69
31 61 72 67
31 62 222 41
31 63 153 81
31 64 190 86
31 65 202 71
31 66 47 81
31 67 370 55
31 68 93 14
31 69 110 86
32 33 73 14
32 34 289 67
32 35 303 47
32 36 160 75
32 37 102 48
32 38 255 23
32 39 287 84
32 40 56 46
32 41 94 90
32 42 175 10
32 43 298 5
32 44 116 68
32 45 105 23
32 46 90 39
32 47 49 76
32 48 153 42
32 49 233 4
32 50 249 55
32 51 82 10
32 52 185 52
32 53 242 20
32 54 150 93
32 55 172 51
32 56 123 51
32 57 35 27
32 58 324 94
32 59 206 99
32 60 299 8
32 61 268 71
32 62 65 40
32 63 254 29
32 64 130 16
32 65 113 51
32 66 248 97
32 67 164 18
32 68 249 76
32 69 246 79
33 34 237 18
33 35 312 21
33 36 90 43
33 37 156 34
33 38 189 3
33 39 305 90
33 40 60 26
33 41 156 87
33 42 103 89
33 43 298 44
33 44 62 95
33 45 177 38
33 46 51 73
33 47 123 71
33 48 173 24
33 49 209 77
33 50 207 99
33 51 50 23
33 52 164 55
33 53 271 76
33 54 93 27
33 55 188 23
33 56 87 44
33 57 105 35
33 58 314 90
33 59 177 92
33 60 250 83
33 61 215 51
33 62 50 31
33 63 257 76
33 64 65 45
33 65 131 92
33 66 205 23
33 67 234 23
33 68 193 12
33 69 237 90
34 35 254 40
34 36 163 46
34 37 298 49
34 38 85 77
34 39 279 28
34 40 234 47
34 41 315 55
34 42 159 57
34 43 216 96
34 44 268 18
34 45 363 17
34 46 199 36
34 47 328 29
34 48 232 20
34 49 117 35
34 50 56 95
34 51 281 47
34 52 138 11
34 53 294 56
34 54 143 99
34 55 228 18
34 56 167 93
34 57 305 38
34 58 191 30
34 59 112 94
34 60 20 59
34 61 22 90
34 62 223 80
34 63 211 69
34 64 172 75
34 65 227 69
34 66 52 37
34 67 398 20
34 68 47 44
34 69 167 16
35 36 311 31
35 37 226 32
35 38 311 31
35 39 41 81
35 40 259 4
35 41 248 43
35 42 320 68
35 43 39 48
35 44 373 79
35 45 297 81
35 46 262 48
35 47 306 73
35 48 150 82
35 49 145 96
35 50 205 16
35 51 359 10
35 52 164 17
35 53 97 83
35 54 264 59
35 55 131 100
35 56 234 62
35 57 290 24
35 58 84 1
35 59 172 93
35 60 242 86
35 61 254 9
35 62 264 87
35 63 56 67
35 64 287 46
35 65 190 44
35 66 211 75
35 67 289 66
35 68 264 52
35 69 93 89
36 37 220 6
36 38 101 31
36 39 316 3
36 40 124 90
36 41 227 41
36 42 14 12
36 43 286 8
36 44 105 35
36 45 259 44
36 46 84 53
36 47 209 10
36 48 202 77
36 49 178 55
36 50 149 90
36 51 124 26
36 52 147 76
36 53 298 43
36 54 47 88
36 55 211 62
36 56 86 52
36 57 189 14
36 58 288 1
36 59 145 6
36 60 179 88
36 61 141 51
36 62 108 90
36 63 255 45
36 64 35 41
36 65 169 65
36 66 146 16
36 67 311 92
36 68 116 18
36 69 222 90
37 38 293 31
37 39 201 45
37 40 99 28
37 41 23 98
37 42 235 93
37 43 232 11
37 44 212 83
37 45 75 18
37 46 135 62
37 47 84 40
37 48 85 11
37 49 205 15
37 50 246 40
37 51 182 66
37 52 164 2
37 53 148 83
37 54 188 84
37 55 102 17
37 56 145 64
37 57 74 3
37 58 269 31
37 59 191 65
37 60 301 65
37 61 281 74
37 62 114 40
37 63 187 15
37 64 184 14
37 65 70 93
37 66 247 41
37 67 99 26
37 68 270 69
37 69 196 50
38 39 329 82
38 40 208 41
38 41 305 11
38 42 91 37
38 43 278 84
38 44 203 97
38 45 345 43
38 46 167 90
38 47 301 79
38 48 247 97
38 49 166 77
38 50 108 17
38 51 225 59
38 52 162 8
38 53 330 49
38 54 107 45
38 55 250 25
38 56 148 61
38 57 279 32
38 58 262 65
38 59 143 29
38 60 105 93
38 61 69 74
38 62 193 4
38 63 261 67
38 64 125 95
38 65 228 94
38 66 103 57
38 67 391 10
38 68 49 57
38 69 218 98
39 40 249 93
39 41 222 90
39 42 327 39
39 43 76 41
39 44 367 71
39 45 268 33
39 46 258 44
39 47 284 59
39 48 135 62
39 49 165 81
39 50 228 62
39 51 350 3
39 52 172 77
39 53 60 77
39 54 269 21
39 55 117 30
39 56 234 60
39 57 269 52
39 58 124 61
39 59 186 99
39 60 269 16
39 61 277 3
39 62 255 49
39 63 69 100
39 64 289 51
39 65 177 57
39 66 233 10
39 67 255 29
39 68 284 98
39 69 113 67
40 41 103 91
40 42 138 23
40 43 250 16
40 44 122 55
40 45 137 58
40 46 41 22
40 47 94 51
40 48 114 98
40 49 177 14
40 50 192 96
40 51 101 53
40 52 129 83
40 53 212 44
40 54 101 29
40 55 131 50
40 56 67 21
40 57 71 98
40 58 272 9
40 59 149 47
40 60 243 20
40 61 214 16
40 62 15 18
40 63 207 84
40 64 89 97
40 65 72 35
40 66 192 26
40 67 187 11
40 68 197 82
40 69 193 19
41 42 242 79
41 43 255 48
41 44 208 19
41 45 52 65
41 46 143 50
41 47 66 1
41 48 108 72
41 49 226 30
41 50 264 99
41 51 176 1
41 52 184 30
41 53 168 5
41 54 199 79
41 55 125 54
41 56 157 63
41 57 61 31
41 58 292 45
41 59 211 34
41 60 320 85
41 61 298 60
41 62 119 76
41 63 210 70
41 64 192 75
41 65 90 57
41 66 266 39
41 67 85 29
41 68 285 97
41 69 218 33
42 43 294 96
42 44 112 76
42 45 274 36
42 46 99 69
42 47 223 38
42 48 215 35
42 49 184 37
42 50 151 98
42 51 134 9
42 52 156 40
42 53 311 46
42 54 58 34
42 55 224 12
42 56 99 33
42 57 204 50
42 58 294 69
42 59 152 29
42 60 176 25
42 61 137 16
42 62 123 87
42 63 264 52
42 64 50 70
42 65 183 19
42 66 147 64
42 67 326 80
42 68 112 15
42 69 230 94
43 44 357 55
43 45 306 54
43 46 246 92
43 47 308 88
43 48 149 93
43 49 113 44
43 50 170 28
43 51 346 38
43 52 140 24
43 53 122 31
43 54 240 13
43 55 130 27
43 56 215 69
43 57 289 94
43 58 48 52
43 59 143 98
43 60 204 94
43 61 218 58
43 62 252 32
43 63 45 86
43 64 265 16
43 65 185 44
43 66 176 76
43 67 305 19
43 68 229 78
43 69 64 66
44 45 219 50
44 46 110 17
44 47 161 93
44 48 235 82
44 49 261 47
44 50 248 98
44 51 36 47
44 52 219 61
44 53 333 34
44 54 132 2
44 55 250 89
44 56 142 17
44 57 151 78
44 58 369 91
44 59 228 67
44 60 284 99
44 61 246 7
44 62 112 20
44 63 317 89
44 64 101 10
44 65 193 44
44 66 245 34
44 67 280 83
44 68 221 79
44 69 294 46
45 46 178 34
45 47 58 80
45 48 160 89
45 49 278 23
45 50 313 51
45 51 184 39
45 52 234 70
45 53 211 54
45 54 238 66
45 55 177 61
45 56 200 41
45 57 71 17
45 58 344 5
45 59 261 87
45 60 368 90
45 61 344 46
45 62 153 25
45 63 261 86
45 64 226 32
45 65 141 58
45 66 315 20
45 67 61 20
45 68 330 56
45 69 271 8
46 47 133 90
46 48 129 97
46 49 158 6
46 50 162 6
46 51 101 45
46 52 112 90
46 53 229 23
46 54 60 38
46 55 143 16
46 56 37 29
46 57 111 43
46 58 262 39
46 59 127 56
46 60 210 61
46 61 178 54
46 62 26 66
46 63 207 42
46 64 49 19
46 65 90 23
46 66 161 11
46 67 228 95
46 68 159 5
46 69 185 44
47 48 158 65
47 49 259 92
47 50 284 81
47 51 126 39
47 52 212 34
47 53 232 64
47 54 194 37
47 55 177 86
47 56 161 79
47 57 23 68
47 58 340 97
47 59 236 52
47 60 337 55
47 61 309 35
47 62 107 45
47 63 262 79
47 64 177 65
47 65 126 38
47 66 284 75
47 67 119 25
47 68 291 25
47 69 263 58
48 49 126 55
48 50 176 55
48 51 215 5
48 52 93 71
48 53 99 8
48 54 158 32
48 55 18 79
48 56 115 74
48 57 140 89
48 58 184 31
48 59 120 37
48 60 232 82
48 61 219 72
48 62 122 80
48 63 104 15
48 64 169 99
48 65 42 60
48 66 179 81
48 67 175 97
48 68 213 82
48 69 110 52
49 50 63 60
49 51 259 99
49 52 48 19
49 53 177 11
49 54 134 96
49 55 117 41
49 56 121 58
49 57 236 64
49 58 110 12
49 59 33 90
49 60 111 14
49 61 112 99
49 62 172 2
49 63 96 76
49 64 163 63
49 65 137 53
49 66 68 53
49 67 301 92
49 68 119 83
49 69 52 9
50 51 255 4
50 52 83 84
50 53 239 12
50 54 115 60
50 55 172 59
50 56 126 91
50 57 261 7
50 58 154 25
50 59 56 85
50 60 55 12
50 61 49 74
50 62 183 50
50 63 159 88
50 64 147 15
50 65 175 81
50 66 5 96
50 67 345 74
50 68 59 17
50 69 115 36
51 52 214 2
51 53 312 40
51 54 140 22
51 55 232 30
51 56 137 62
51 57 117 86
51 58 364 25
51 59 227 78
51 60 296 61
51 61 259 33
51 62 95 31
51 63 305 19
51 64 109 65
51 65 173 30
51 66 253 5
51 67 245 36
51 68 236 72
51 69 287 94
52 53 168 28
52 54 99 86
52 55 90 15
52 56 77 21
52 57 189 24
52 58 150 47
52 59 27 56
52 60 139 29
52 61 126 2
52 62 125 16
52 63 108 45
52 64 125 83
52 65 93 27
52 66 86 95
52 67 262 57
52 68 122 6
52 69 76 87
53 54 253 86
53 55 87 38
53 56 212 29
53 57 220 61
53 58 171 25
53 59 188 66
53 60 288 29
53 61 287 36
53 62 221 25
53 63 93 49
53 64 267 7
53 65 140 33
53 66 243 40
53 67 195 10
53 68 289 52
53 69 132 45
54 55 166 57
54 56 44 84
54 57 172 29
54 58 244 15
54 59 100 88
54 60 156 43
54 61 121 1
54 62 87 57
54 63 208 43
54 64 31 55
54 65 129 7
54 66 113 24
54 67 285 19
54 68 100 40
54 69 175 81
55 56 125 56
55 57 159 48
55 58 166 59
55 59 116 92
55 60 226 88
55 61 216 84
55 62 138 57
55 63 85 34
55 64 180 50
55 65 60 5
55 66 175 37
55 67 188 30
55 68 213 93
55 69 95 20
56 57 138 75
56 58 227 90
56 59 90 68
56 60 176 89
56 61 147 20
56 62 57 13
56 63 178 100
56 64 55 36
56 65 84 80
56 66 125 32
56 67 243 39
56 68 130 34
56 69 152 91
57 58 320 11
57 59 213 91
57 60 313 53
57 61 286 78
57 62 85 13
57 63 244 42
57 64 156 76
57 65 105 52
57 66 261 78
57 67 129 28
57 68 268 10
57 69 242 15
58 59 143 56
58 60 175 86
58 61 197 94
58 62 272 38
58 63 85 42
58 64 272 81
58 65 214 40
58 66 159 3
58 67 349 26
58 68 213 56
58 69 78 7
59 60 111 5
59 61 100 31
59 62 144 10
59 63 118 80
59 64 130 98
59 65 120 81
59 66 59 28
59 67 290 34
59 68 100 29
59 69 79 37
60 61 39 23
60 62 233 35
60 63 202 32
60 64 186 12
60 65 231 89
60 66 54 80
60 67 401 99
60 68 65 25
60 69 158 99
61 62 203 92
61 63 208 80
61 64 150 3
61 65 211 67
61 66 44 92
61 67 381 12
61 68 25 89
61 69 164 88
62 63 210 39
62 64 73 32
62 65 80 99
62 66 182 25
62 67 203 40
62 68 184 49
62 69 194 39
63 64 231 29
63 65 140 64
63 66 164 2
63 67 263 20
63 68 215 85
63 69 44 18
64 65 134 56
64 66 144 69
64 67 276 65
64 68 127 81
64 69 201 12
65 66 177 86
65 67 170 77
65 68 201 61
65 69 137 98
66 67 347 28
66 68 54 39
66 69 120 96
67 68 369 16
67 69 283 38
68 69 171 75
