60
17
80
6
4
45
36
22
42
41
5
54
5
43
13
47
0 1 240 1
0 2 67 47
0 3 162 85
0 4 219 58
0 5 111 76
0 6 216 53
0 7 97 66
0 8 64 57
0 9 216 90
0 10 53 38
0 11 73 20
0 12 100 24
0 13 81 30
0 14 213 1
0 15 180 15
0 16 150 82
0 17 225 26
0 18 190 48
0 19 179 54
0 20 46 1
0 21 299 11
0 22 174 27
0 23 108 4
0 24 43 63
0 25 212 8
0 26 78 22
0 27 127 100
0 28 62 99
0 29 240 44
0 30 187 34
0 31 94 60
0 32 203 23
0 33 207 68
0 34 275 100
0 35 172 82
0 36 160 91
0 37 180 68
0 38 264 3
0 39 90 47
0 40 67 48
0 41 131 68
0 42 152 2
0 43 246 17
0 44 212 39
0 45 16 51
0 46 106 52
0 47 217 59
0 48 144 11
0 49 162 38
0 50 162 52
0 51 104 84
0 52 130 69
0 53 142 41
0 54 91 57
0 55 219 95
0 56 169 15
0 57 295 53
0 58 165 42
0 59 172 20
1 2 198 28
1 3 82 38
1 4 126 30
1 5 143 26
1 6 210 78
1 7 225 45
1 8 296 28
1 9 24 99
1 10 220 23
1 11 293 33
1 12 140 19
1 13 159 58
1 14 31 44
1 15 130 47
1 16 187 64
1 17 85 99
1 18 187 5
1 19 306 74
1 20 194 54
1 21 123 93
1 22 161 28
1 23 188 20
1 24 227 16
1 25 159 21
1 26 307 70
1 27 210 98
1 28 254 70
1 29 106 13
1 30 134 19
1 31 146 74
1 32 68 4
1 33 177 69
1 34 109 6
1 35 285 14
1 36 153 72
1 37 231 67
1 38 118 81
1 39 175 26
1 40 190 40
1 41 123 64
1 42 115 38
1 43 59 72
1 44 86 12
1 45 228 27
1 46 216 42
1 47 38 85
1 48 240 25
1 49 214 6
1 50 205 55
1 51 230 6
1 52 142 68
1 53 193 24
1 54 233 25
1 55 33 40
1 56 177 85
1 57 112 62
1 58 102 2
1 59 159 38
2 3 116 20
2 4 154 28
2 5 56 26
2 6 150 11
2 7 44 95
2 8 102 19
2 9 174 67
2 10 22 51
2 11 140 45
2 12 74 70
2 13 55 46
2 14 168 14
2 15 178 36
2 16 172 80
2 17 166 31
2 18 122 96
2 19 142 61
2 20 45 25
2 21 237 64
2 22 106 27
2 23 131 62
2 24 93 44
2 25 218 14
2 26 145 100
2 27 159 27
2 28 122 82
2 29 178 11
2 30 186 32
2 31 69 44
2 32 148 23
2 33 139 39
2 34 213 66
2 35 129 73
2 36 167 100
2 37 118 66
2 38 201 94
2 39 104 20
2 40 87 15
2 41 77 7
2 42 93 37
2 43 191 18
2 44 194 15
2 45 51 24
2 46 143 41
2 47 168 24
2 48 89 70
2 49 99 41
2 50 98 50
2 51 53 33
2 52 67 53
2 53 76 71
2 54 137 95
2 55 185 76
2 56 101 60
2 57 235 72
2 58 107 28
2 59 181 35
3 4 97 100
3 5 61 41
3 6 159 100
3 7 144 69
3 8 215 13
3 9 58 27
3 10 138 59
3 11 221 46
3 12 65 12
3 13 81 81
3 14 52 16
3 15 117 15
3 16 153 21
3 17 78 84
3 18 130 44
3 19 231 6
3 20 116 48
3 21 150 84
3 22 100 77
3 23 136 33
3 24 156 58
3 25 159 52
3 26 233 22
3 27 164 3
3 28 186 16
3 29 100 79
3 30 124 18
3 31 70 65
3 32 47 60
3 33 128 1
3 34 127 83
3 35 211 80
3 36 126 35
3 37 165 71
3 38 124 27
3 39 114 22
3 40 122 4
3 41 41 76
3 42 42 38
3 43 87 11
3 44 103 57
3 45 148 64
3 46 163 44
3 47 55 89
3 48 165 49
3 49 145 28
3 50 138 57
3 51 150 13
3 52 64 92
3 53 120 70
3 54 174 67
3 55 73 64
3 56 113 54
3 57 143 33
3 58 35 82
3 59 138 20
4 5 110 30
4 6 86 61
4 7 154 26
4 8 253 6
4 9 115 17
4 10 175 91
4 11 289 44
4 12 147 10
4 13 153 54
4 14 103 91
4 15 213 7
4 16 250 4
4 17 41 97
4 18 71 81
4 19 205 98
4 20 180 34
4 21 87 45
4 22 57 47
4 23 227 6
4 24 229 81
4 25 254 46
4 26 297 6
4 27 258 84
4 28 261 22
4 29 32 74
4 30 220 82
4 31 150 82
4 32 63 66
4 33 54 74
4 34 65 38
4 35 183 36
4 36 223 51
4 37 120 41
4 38 50 80
4 39 202 28
4 40 203 53
4 41 96 82
4 42 72 67
4 43 76 34
4 44 190 64
4 45 203 67
4 46 252 21
4 47 90 83
4 48 145 2
4 49 110 3
4 50 102 8
4 51 155 21
4 52 89 100
4 53 101 7
4 54 259 12
4 55 142 13
4 56 73 81
4 57 89 18
4 58 66 81
4 59 235 96
5 6 135 76
5 7 84 14
5 8 157 22
5 9 119 74
5 10 78 1
5 11 179 8
5 12 47 35
5 13 44 26
5 14 112 22
5 15 146 21
5 16 160 52
5 17 114 97
5 18 104 11
5 19 176 25
5 20 69 62
5 21 187 42
5 22 79 91
5 23 127 89
5 24 119 3
5 25 189 40
5 26 188 95
5 27 158 75
5 28 151 52
5 29 129 98
5 30 155 12
5 31 46 44
5 32 93 71
5 33 114 48
5 34 163 88
5 35 158 30
5 36 144 23
5 37 123 5
5 38 153 31
5 39 100 57
5 40 95 68
5 41 21 95
5 42 41 92
5 43 136 53
5 44 150 15
5 45 96 81
5 46 149 19
5 47 112 1
5 48 113 49
5 49 102 22
5 50 96 78
5 51 91 45
5 52 24 59
5 53 75 98
5 54 152 84
5 55 132 42
5 56 83 72
5 57 184 20
5 58 53 78
5 59 158 80
6 7 125 27
6 8 228 28
6 9 194 58
6 10 163 52
6 11 289 74
6 12 182 81
6 13 178 51
6 14 183 79
6 15 273 41
6 16 295 78
6 17 127 11
6 18 31 40
6 19 134 61
6 20 191 12
6 21 159 12
6 22 59 22
6 23 263 90
6 24 242 6
6 25 316 55
6 26 292 65
6 27 294 42
6 28 272 87
6 29 116 10
6 30 281 79
6 31 182 74
6 32 142 58
6 33 33 62
6 34 142 64
6 35 113 99
6 36 276 64
6 37 50 28
6 38 124 61
6 39 235 15
6 40 227 11
6 41 134 53
6 42 118 93
6 43 162 12
6 44 261 68
6 45 201 47
6 46 283 5
6 47 172 30
6 48 91 14
6 49 57 26
6 50 54 63
6 51 121 46
6 52 112 100
6 53 73 49
6 54 283 22
6 55 220 16
6 56 52 9
6 57 165 3
6 58 123 7
6 59 290 49
7 8 104 97
7 9 201 34
7 10 44 71
7 11 167 73
7 12 115 68
7 13 98 12
7 14 194 52
7 15 221 48
7 16 216 30
7 17 176 82
7 18 103 73
7 19 98 69
7 20 89 45
7 21 241 37
7 22 98 50
7 23 176 42
7 24 131 84
7 25 262 25
7 26 168 74
7 27 203 77
7 28 158 58
7 29 182 54
7 30 229 72
7 31 111 25
7 32 166 81
7 33 124 52
7 34 218 60
7 35 84 2
7 36 211 66
7 37 84 15
7 38 204 74
7 39 149 42
7 40 131 5
7 41 102 9
7 42 111 71
7 43 207 24
7 44 233 64
7 45 83 71
7 46 186 83
7 47 191 95
7 48 47 44
7 49 68 70
7 50 70 71
7 51 8 48
7 52 83 34
7 53 55 1
7 54 178 95
7 55 216 66
7 56 86 68
7 57 242 14
7 58 125 40
7 59 225 34
8 9 271 37
8 10 79 86
8 11 90 3
8 12 159 7
8 13 138 65
8 14 267 56
8 15 244 20
8 16 213 47
8 17 268 71
8 18 208 26
8 19 151 31
8 20 105 49
8 21 338 63
8 22 200 93
8 23 171 75
8 24 102 86
8 25 276 37
8 26 82 60
8 27 186 86
8 28 108 89
8 29 279 55
8 30 251 77
8 31 153 26
8 32 250 8
8 33 228 50
8 34 315 5
8 35 152 28
8 36 224 86
8 37 183 90
8 38 302 31
8 39 155 82
8 40 131 56
8 41 178 87
8 42 196 42
8 43 294 84
8 44 275 14
8 45 71 81
8 46 164 21
8 47 269 8
8 48 141 95
8 49 170 31
8 50 174 18
8 51 107 24
8 52 169 21
8 53 160 42
8 54 146 68
8 55 278 21
8 56 190 78
8 57 337 90
8 58 210 88
8 59 236 69
9 10 196 39
9 11 270 1
9 12 116 19
9 13 135 24
9 14 11 43
9 15 118 34
9 16 171 21
9 17 77 60
9 18 170 17
9 19 285 53
9 20 170 90
9 21 129 5
9 22 142 90
9 23 168 37
9 24 204 86
9 25 152 63
9 26 283 50
9 27 192 89
9 28 231 86
9 29 100 24
9 30 123 19
9 31 122 39
9 32 52 13
9 33 162 24
9 34 112 32
9 35 264 33
9 36 138 14
9 37 212 45
9 38 117 20
9 39 153 28
9 40 167 60
9 41 99 18
9 42 93 48
9 43 61 74
9 44 80 31
9 45 203 74
9 46 196 6
9 47 26 12
9 48 218 95
9 49 194 71
9 50 186 24
9 51 207 91
9 52 119 30
9 53 172 33
9 54 212 88
9 55 27 67
9 56 158 18
9 57 119 17
9 58 80 71
9 59 146 53
10 11 125 70
10 12 91 37
10 13 70 71
10 14 190 92
10 15 191 34
10 16 178 33
10 17 189 35
10 18 138 52
10 19 136 42
10 20 49 98
10 21 259 85
10 22 125 13
10 23 136 10
10 24 87 66
10 25 230 83
10 26 128 68
10 27 162 28
10 28 113 92
10 29 200 83
10 30 199 26
10 31 85 59
10 32 171 26
10 33 156 89
10 34 235 100
10 35 125 64
10 36 178 90
10 37 127 39
10 38 223 6
10 39 111 77
10 40 91 55
10 41 99 35
10 42 116 41
10 43 214 47
10 44 212 80
10 45 39 64
10 46 144 28
10 47 191 84
10 48 92 40
10 49 109 95
10 50 109 17
10 51 52 77
10 52 89 33
10 53 90 16
10 54 135 49
10 55 206 45
10 56 118 43
10 57 257 93
10 58 130 68
10 59 192 90
11 12 156 80
11 13 141 46
11 14 269 59
11 15 204 54
11 16 155 13
11 17 292 53
11 18 263 14
11 19 238 14
11 20 110 21
11 21 366 62
11 22 247 34
11 23 121 63
11 24 66 53
11 25 225 76
11 26 17 18
11 27 122 72
11 28 41 97
11 29 308 2
11 30 209 36
11 31 150 71
11 32 266 21
11 33 280 40
11 34 342 57
11 35 235 15
11 36 178 87
11 37 251 41
11 38 333 11
11 39 121 10
11 40 103 52
11 41 197 79
11 42 220 85
11 43 309 58
11 44 246 99
11 45 88 36
11 46 102 8
11 47 276 80
11 48 213 29
11 49 234 65
11 50 235 29
11 51 173 92
11 52 200 64
11 53 215 34
11 54 79 76
11 55 267 88
11 56 242 1
11 57 361 62
11 58 231 26
11 59 186 30
12 13 21 22
12 14 114 35
12 15 105 7
12 16 112 94
12 17 139 58
12 18 151 46
12 19 213 48
12 20 54 26
12 21 213 52
12 22 125 92
12 23 82 29
12 24 90 100
12 25 147 51
12 26 168 4
12 27 113 33
12 28 120 8
12 29 159 33
12 30 113 38
12 31 6 18
12 32 111 34
12 33 159 51
12 34 190 54
12 35 197 45
12 36 98 15
12 37 169 91
12 38 184 30
12 39 55 3
12 40 57 72
12 41 52 46
12 42 75 58
12 43 153 25
12 44 120 44
12 45 88 85
12 46 105 20
12 47 120 42
12 48 153 32
12 49 148 67
12 50 143 60
12 51 124 6
12 52 70 64
12 53 120 83
12 54 112 39
12 55 119 12
12 56 130 88
12 57 208 43
12 58 82 21
12 59 113 84
13 14 132 79
13 15 122 86
13 16 122 47
13 17 151 31
13 18 147 46
13 19 196 47
13 20 34 41
13 21 225 74
13 22 123 36
13 23 85 15
13 24 77 12
13 25 163 62
13 26 152 56
13 27 116 18
13 28 109 82
13 29 168 46
13 30 131 28
13 31 15 89
13 32 125 3
13 33 158 45
13 34 201 74
13 35 181 16
13 36 113 100
13 37 159 15
13 38 193 63
13 39 57 48
13 40 50 65
13 41 57 88
13 42 81 92
13 43 168 80
13 44 141 78
13 45 68 64
13 46 105 34
13 47 137 59
13 48 139 29
13 49 138 24
13 50 134 69
13 51 106 57
13 52 68 47
13 53 111 41
13 54 107 49
13 55 140 36
13 56 125 6
13 57 220 61
13 58 90 35
13 59 127 83
14 15 126 10
14 16 177 70
14 17 66 11
14 18 159 44
14 19 275 57
14 20 167 1
14 21 121 96
14 22 132 42
14 23 171 55
14 24 203 58
14 25 161 35
14 26 282 80
14 27 196 36
14 28 231 41
14 29 89 53
14 30 131 63
14 31 120 52
14 32 41 41
14 33 150 60
14 34 103 72
14 35 254 82
14 36 144 20
14 37 201 59
14 38 107 62
14 39 154 43
14 40 167 8
14 41 92 24
14 42 84 54
14 43 52 3
14 44 91 42
14 45 200 80
14 46 199 88
14 47 15 70
14 48 209 43
14 49 184 93
14 50 176 30
14 51 199 20
14 52 111 9
14 53 162 4
14 54 214 33
14 55 38 84
14 56 148 28
14 57 111 92
14 58 71 90
14 59 153 30
15 16 61 1
15 17 186 66
15 18 243 98
15 19 318 8
15 20 145 31
15 21 247 1
15 22 214 95
15 23 82 70
15 24 147 91
15 25 43 67
15 26 220 34
15 27 91 79
15 28 162 81
15 29 210 60
15 30 8 24
15 31 109 59
15 32 154 4
15 33 245 65
15 34 228 71
15 35 302 97
15 36 27 51
15 37 270 79
15 38 231 41
15 39 89 65
15 40 113 16
15 41 140 62
15 42 155 41
15 43 178 52
15 44 50 26
15 45 175 45
15 46 106 11
15 47 140 52
15 48 258 31
15 49 249 1
15 50 242 98
15 51 229 70
15 52 165 1
15 53 221 89
15 54 128 7
15 55 97 32
15 56 224 35
15 57 237 96
15 58 152 65
15 59 29 25
16 17 229 91
16 18 264 75
16 19 314 94
16 20 129 51
16 21 297 81
16 22 237 17
16 23 43 49
16 24 110 46
16 25 70 28
16 26 172 2
16 27 33 78
16 28 114 36
16 29 253 35
16 30 62 15
16 31 114 100
16 32 197 27
16 33 270 88
16 34 276 36
16 35 301 67
16 36 34 65
16 37 281 57
16 38 275 24
16 39 67 8
16 40 87 84
16 41 161 67
16 42 182 57
16 43 228 68
16 44 111 34
16 45 151 2
16 46 53 48
16 47 190 67
16 48 260 74
16 49 259 99
16 50 255 97
16 51 225 8
16 52 182 59
16 53 232 82
16 54 76 73
16 55 154 30
16 56 243 61
16 57 288 16
16 58 184 52
16 59 34 49
17 18 109 65
17 19 240 91
17 20 182 63
17 21 74 72
17 22 89 87
17 23 214 59
17 24 228 26
17 25 224 67
17 26 302 94
17 27 243 84
17 28 259 89
17 29 24 63
17 30 192 21
17 31 143 22
17 32 32 58
17 33 95 34
17 34 50 62
17 35 218 11
17 36 200 98
17 37 157 45
17 38 46 68
17 39 192 87
17 40 197 33
17 41 94 92
17 42 73 46
17 43 35 75
17 44 156 30
17 45 210 8
17 46 241 41
17 47 51 1
17 48 177 14
17 49 145 71
17 50 136 90
17 51 179 29
17 52 99 49
17 53 130 74
17 54 251 5
17 55 105 83
17 56 106 25
17 57 70 74
17 58 60 61
17 59 211 94
18 19 134 58
18 20 162 71
18 21 154 26
18 22 29 29
18 23 232 30
18 24 213 70
18 25 286 96
18 26 267 33
18 27 263 4
18 28 244 7
18 29 103 57
18 30 251 54
18 31 151 59
18 32 119 76
18 33 21 45
18 34 134 3
18 35 113 30
18 36 245 87
18 37 49 81
18 38 117 74
18 39 204 21
18 40 197 93
18 41 104 29
18 42 88 37
18 43 144 10
18 44 233 35
18 45 174 66
18 46 252 76
18 47 148 87
18 48 79 34
18 49 43 18
18 50 36 85
18 51 101 53
18 52 81 77
18 53 48 54
18 54 253 36
18 55 194 35
18 56 22 93
18 57 158 34
18 58 94 7
18 59 259 62
19 20 185 29
19 21 288 20
19 22 151 29
19 23 272 14
19 24 220 31
19 25 360 21
19 26 233 78
19 27 298 96
19 28 241 38
19 29 237 100
19 30 327 51
19 31 209 32
19 32 241 89
19 33 155 52
19 34 269 89
19 35 22 69
19 36 309 100
19 37 86 12
19 38 252 12
19 39 246 5
19 40 227 86
19 41 191 59
19 42 191 69
19 43 274 59
19 44 327 79
19 45 170 40
19 46 280 97
19 47 269 30
19 48 66 81
19 49 95 92
19 50 104 17
19 51 89 40
19 52 167 64
19 53 113 56
19 54 269 71
19 55 304 98
19 56 134 82
19 57 293 88
19 58 204 38
19 59 323 3
20 21 256 52
20 22 141 18
20 23 87 88
20 24 51 35
20 25 182 46
20 26 119 90
20 27 114 78
20 28 82 24
20 29 198 74
20 30 152 16
20 31 48 16
20 32 158 21
20 33 176 62
20 34 232 42
20 35 173 94
20 36 129 92
20 37 163 30
20 38 223 37
20 39 62 61
20 40 42 5
20 41 87 77
20 42 110 80
20 43 201 1
20 44 170 90
20 45 34 70
20 46 97 46
20 47 171 21
20 48 135 18
20 49 143 96
20 50 141 59
20 51 97 40
20 52 91 34
20 53 119 25
20 54 92 71
20 55 174 5
20 56 140 84
20 57 252 59
20 58 121 35
20 59 143 72
21 22 144 76
21 23 285 52
21 24 302 73
21 25 281 93
21 26 375 2
21 27 313 86
21 28 333 81
21 29 59 32
21 30 252 47
21 31 218 18
21 32 102 46
21 33 133 27
21 34 24 37
21 35 266 42
21 36 265 64
21 37 202 72
21 38 37 2
21 39 264 76
21 40 271 7
21 41 168 19
21 42 146 61
21 43 68 65
21 44 209 48
21 45 283 78
21 46 313 84
21 47 107 10
21 48 231 27
21 49 196 58
21 50 188 44
21 51 242 77
21 52 170 1
21 53 189 8
21 54 324 9
21 55 154 89
21 56 160 68
21 57 12 14
21 58 134 50
21 59 274 27
22 23 206 1
22 24 193 58
22 25 257 20
22 26 252 65
22 27 237 73
22 28 224 38
22 29 88 61
22 30 222 95
22 31 125 18
22 32 93 54
22 33 35 72
22 34 123 1
22 35 129 78
22 36 217 95
22 37 70 92
22 38 107 83
22 39 179 55
22 40 173 2
22 41 75 79
22 42 59 36
22 43 123 25
22 44 204 34
22 45 158 1
22 46 228 99
22 47 122 29
22 48 88 26
22 49 56 98
22 50 47 99
22 51 98 71
22 52 55 32
22 53 44 22
22 54 230 53
22 55 166 85
22 56 17 79
22 57 146 10
22 58 65 69
22 59 230 40
23 24 68 12
23 25 106 29
23 26 138 30
23 27 31 72
23 28 79 69
23 29 236 80
23 30 87 61
23 31 81 85
23 32 183 60
23 33 241 30
23 34 263 83
23 35 260 3
23 36 57 80
23 37 244 52
23 38 259 78
23 39 28 49
23 40 45 10
23 41 134 89
23 42 156 62
23 43 219 7
23 44 127 99
23 45 108 96
23 46 28 15
23 47 182 33
23 48 221 7
23 49 223 55
23 50 219 2
23 51 184 76
23 52 151 6
23 53 197 11
23 54 47 34
23 55 157 55
23 56 210 65
23 57 278 38
23 58 161 72
23 59 66 18
24 25 175 55
24 26 79 28
24 27 84 42
24 28 31 3
24 29 246 33
24 30 153 95
24 31 85 10
24 32 201 18
24 33 227 20
24 34 279 3
24 35 212 28
24 36 124 24
24 37 211 62
24 38 271 1
24 39 58 28
24 40 37 31
24 41 135 45
24 42 158 78
24 43 243 96
24 44 184 82
24 45 50 100
24 46 63 81
24 47 210 48
24 48 179 92
24 49 192 25
24 50 191 12
24 51 139 55
24 52 141 35
24 53 169 22
24 54 48 37
24 55 202 33
24 56 191 57
24 57 297 82
24 58 168 60
24 59 134 33
25 26 242 43
25 27 103 4
25 28 184 8
25 29 248 99
25 30 34 94
25 31 150 33
25 32 193 86
25 33 287 56
25 34 264 10
25 35 344 95
25 36 52 38
25 37 313 43
25 38 268 30
25 39 122 79
25 40 145 11
25 41 183 32
25 42 198 65
25 43 213 36
25 44 72 69
25 45 210 7
25 46 123 75
25 47 176 81
25 48 300 33
25 49 292 30
25 50 286 94
25 51 270 96
25 52 208 93
25 53 264 24
25 54 146 46
25 55 127 68
25 56 267 24
25 57 270 55
25 58 194 4
25 59 40 28
26 27 139 87
26 28 58 54
26 29 317 19
26 30 225 8
26 31 162 69
26 32 277 50
26 33 284 58
26 34 351 7
26 35 232 51
26 36 194 4
26 37 252 58
26 38 342 5
26 39 136 7
26 40 117 73
26 41 207 67
26 42 229 82
26 43 320 22
26 44 262 42
26 45 94 8
26 46 119 86
26 47 288 34
26 48 213 23
26 49 236 68
26 50 238 74
26 51 174 47
26 52 208 70
26 53 219 88
26 54 96 78
26 55 281 50
26 56 247 36
26 57 371 5
26 58 241 3
26 59 203 6
27 28 83 13
27 29 265 39
27 30 94 85
27 31 112 94
27 32 211 12
27 33 272 58
27 34 291 33
27 35 287 57
27 36 64 3
27 37 274 57
27 38 289 94
27 39 58 75
27 40 72 49
27 41 165 20
27 42 187 51
27 43 246 51
27 44 141 46
27 45 130 24
27 46 21 1
27 47 208 88
27 48 249 6
27 49 253 63
27 50 250 80
27 51 212 35
27 52 182 68
27 53 227 50
27 54 43 62
27 55 178 53
27 56 241 56
27 57 305 3
27 58 191 46
27 59 67 86
28 29 278 15
28 30 167 84
28 31 116 4
28 32 232 59
28 33 258 77
28 34 310 47
28 35 235 12
28 36 136 18
28 37 240 47
28 38 302 38
28 39 80 85
28 40 64 60
28 41 166 1
28 42 190 46
28 43 273 56
28 44 204 9
28 45 74 4
28 46 62 79
28 47 239 12
28 48 205 61
28 49 221 1
28 50 220 93
28 51 165 33
28 52 173 80
28 53 199 48
28 54 40 66
28 55 227 82
28 56 222 38
28 57 328 79
28 58 200 99
28 59 145 85
29 30 216 59
29 31 163 6
29 32 56 37
29 33 85 20
29 34 35 15
29 35 215 57
29 36 224 94
29 37 152 40
29 38 24 49
29 39 213 51
29 40 216 69
29 41 111 83
29 42 88 86
29 43 49 45
29 44 180 15
29 45 224 74
29 46 262 12
29 47 74 34
29 48 176 42
29 49 142 40
29 50 133 41
29 51 184 82
29 52 111 13
29 53 132 2
29 54 271 39
29 55 128 42
29 56 104 19
29 57 59 7
29 58 78 51
29 59 235 99
30 31 117 51
30 32 161 19
30 33 252 56
30 34 234 18
30 35 311 51
30 36 31 18
30 37 278 12
30 38 237 67
30 39 96 44
30 40 120 9
30 41 148 94
30 42 163 24
30 43 183 27
30 44 51 20
30 45 183 6
30 46 109 70
30 47 146 92
30 48 266 64
30 49 257 93
30 50 251 77
30 51 237 12
30 52 173 67
30 53 230 69
30 54 132 58
30 55 101 15
30 56 232 83
30 57 242 36
30 58 160 60
30 59 28 32
31 32 116 44
31 33 160 89
31 34 194 72
31 35 193 95
31 36 101 40
31 37 167 47
31 38 187 76
31 39 54 22
31 40 53 14
31 41 54 34
31 42 77 97
31 43 158 65
31 44 126 81
31 45 82 24
31 46 103 46
31 47 125 51
31 48 150 20
31 49 146 63
31 50 141 71
31 51 119 25
31 52 70 22
31 53 118 36
31 54 109 46
31 55 125 83
31 56 130 10
31 57 212 7
31 58 85 64
31 59 115 3
32 33 109 48
32 34 80 57
32 35 219 87
32 36 168 96
32 37 163 9
32 38 78 64
32 39 161 91
32 40 169 13
32 41 72 88
32 42 55 19
32 43 43 94
32 44 127 56
32 45 188 94
32 46 210 14
32 47 29 33
32 48 175 11
32 49 147 59
32 50 138 24
32 51 170 68
32 52 84 10
32 53 128 9
32 54 221 9
32 55 79 92
32 56 109 91
32 57 96 43
32 58 41 32
32 59 179 29
33 34 115 20
33 35 133 62
33 36 249 7
33 37 68 2
33 38 97 51
33 39 214 98
33 40 208 75
33 41 109 64
33 42 90 54
33 43 130 97
33 44 230 52
33 45 191 13
33 46 263 10
33 47 139 14
33 48 101 46
33 49 65 32
33 50 57 83
33 51 122 61
33 52 90 26
33 53 68 89
33 54 265 97
33 55 188 22
33 56 38 62
33 57 138 53
33 58 93 7
33 59 263 25
34 35 247 53
34 36 245 58
34 37 183 10
34 38 18 59
34 39 241 58
34 40 247 53
34 41 144 4
34 42 122 27
34 43 51 51
34 44 192 75
34 45 259 23
34 46 290 44
34 47 88 13
34 48 211 64
34 49 176 80
34 50 167 62
34 51 220 87
34 52 146 94
34 53 167 99
34 54 301 9
34 55 138 29
34 56 138 30
34 57 23 4
34 58 110 61
34 59 255 16
35 36 294 58
35 37 64 69
35 38 230 43
35 39 233 35
35 40 215 11
35 41 172 23
35 42 171 49
35 43 252 17
35 44 309 32
35 45 162 6
35 46 269 85
35 47 248 93
35 48 46 19
35 49 73 53
35 50 82 34
35 51 75 19
35 52 147 17
35 53 92 16
35 54 260 18
35 55 284 11
35 56 112 78
35 57 271 87
35 58 183 36
35 59 309 7
36 37 268 23
36 38 246 66
36 39 69 63
36 40 93 49
36 41 141 77
36 42 159 35
36 43 196 47
36 44 77 1
36 45 157 63
36 46 78 60
36 47 158 12
36 48 251 82
36 49 246 7
36 50 241 2
36 51 219 8
36 52 165 18
36 53 219 75
36 54 101 55
36 55 120 92
36 56 225 63
36 57 256 92
36 58 159 22
36 59 14 93
37 38 165 88
37 39 216 82
37 40 204 80
37 41 130 55
37 42 122 44
37 43 192 3
37 44 267 28
37 45 166 72
37 46 260 33
37 47 192 89
37 48 42 57
37 49 21 68
37 50 27 17
37 51 78 3
37 52 105 78
37 53 48 81
37 54 256 44
37 55 234 81
37 56 53 5
37 57 206 41
37 58 132 14
37 59 282 35
38 39 237 63
38 40 241 15
38 41 136 13
38 42 113 89
38 43 59 51
38 44 198 24
38 45 249 16
38 46 286 4
38 47 91 51
38 48 194 34
38 49 159 11
38 50 150 24
38 51 205 67
38 52 135 90
38 53 151 13
38 54 296 60
38 55 144 86
38 56 122 6
38 57 41 51
38 58 102 4
38 59 256 71
39 40 23 66
39 41 107 98
39 42 130 77
39 43 200 78
39 44 126 2
39 45 88 88
39 46 50 76
39 47 164 86
39 48 193 17
39 49 195 45
39 50 191 49
39 51 158 99
39 52 124 55
39 53 168 74
39 54 59 81
39 55 147 2
39 56 183 77
39 57 258 34
39 58 136 65
39 59 82 69
40 41 107 32
40 42 130 75
40 43 209 25
40 44 148 16
40 45 64 31
40 46 56 52
40 47 175 8
40 48 177 77
40 49 183 81
40 50 180 3
40 51 140 7
40 52 119 2
40 53 157 85
40 54 56 43
40 55 164 38
40 56 175 56
40 57 265 26
40 58 139 55
40 59 105 48
41 42 23 22
41 43 116 75
41 44 138 92
41 45 116 13
41 46 157 16
41 47 91 75
41 48 126 92
41 49 110 29
41 50 103 88
41 51 108 33
41 52 25 60
41 53 83 42
41 54 163 28
41 55 114 90
41 56 84 65
41 57 164 1
41 58 33 80
41 59 155 85
42 43 98 50
42 44 145 66
42 45 137 82
42 46 180 49
42 47 80 57
42 48 125 65
42 49 103 88
42 50 95 75
42 51 116 36
42 52 28 94
42 53 79 55
42 54 187 27
42 55 113 41
42 56 71 66
42 57 143 5
42 58 14 87
42 59 173 34
43 44 141 50
43 45 232 73
43 46 247 58
43 47 38 97
43 48 211 64
43 49 179 24
43 50 170 6
43 51 210 51
43 52 126 7
43 53 164 29
43 54 260 56
43 55 86 32
43 56 140 66
43 57 59 24
43 58 84 17
43 59 205 25
44 45 204 39
44 46 153 24
44 47 106 15
44 48 263 22
44 49 247 3
44 50 240 39
44 51 240 5
44 52 163 56
44 53 221 73
44 54 173 5
44 55 55 80
44 56 217 92
44 57 198 49
44 58 138 19
44 59 78 77
45 46 110 25
45 47 203 82
45 48 131 34
45 49 147 46
45 50 147 28
45 51 91 62
45 52 114 11
45 53 127 92
45 54 98 34
45 55 208 10
45 56 153 58
45 57 280 45
45 58 149 65
45 59 170 95
46 47 210 13
46 48 233 41
46 49 239 49
46 50 236 35
46 51 195 32
46 52 173 54
46 53 213 12
46 54 23 72
46 55 186 32
46 56 230 56
46 57 305 39
46 58 186 21
46 59 85 5
47 48 203 72
47 49 176 30
47 50 167 53
47 51 196 19
47 52 108 100
47 53 156 38
47 54 224 82
47 55 53 86
47 56 139 68
47 57 98 1
47 58 66 99
47 59 167 83
48 49 36 17
48 50 44 11
48 51 40 80
48 52 101 48
48 53 47 19
48 54 226 21
48 55 238 1
48 56 72 77
48 57 234 71
48 58 138 98
48 59 266 61
49 50 9 16
49 51 63 53
49 52 84 74
49 53 27 40
49 54 236 26
49 55 216 6
49 56 39 35
49 57 199 92
49 58 114 83
49 59 260 74
50 51 67 81
50 52 77 3
50 53 22 55
50 54 234 25
50 55 208 80
50 56 30 17
50 57 191 43
50 58 106 24
50 59 255 10
51 52 88 75
51 53 54 55
51 54 187 47
51 55 223 45
51 56 86 82
51 57 243 95
51 58 130 91
51 59 234 77
52 53 58 2
52 54 176 7
52 55 137 58
52 56 60 61
52 57 168 48
52 58 42 46
52 59 178 85
53 54 211 2
53 55 192 19
53 56 31 8
53 57 191 84
53 58 91 57
53 59 233 8
54 55 203 32
54 56 231 63
54 57 317 24
54 58 194 9
54 59 107 98
55 56 181 36
55 57 143 33
55 58 102 78
55 59 126 100
56 57 162 11
56 58 79 24
56 59 239 28
57 58 130 92
57 59 264 3
58 59 172 38
