55
14
80
3
46
22
14
5
19
38
51
45
39
0 1 201 22
0 2 109 57
0 3 153 23
0 4 104 94
0 5 51 15
0 6 145 69
0 7 203 82
0 8 54 12
0 9 229 67
0 10 87 51
0 11 226 30
0 12 35 81
0 13 136 49
0 14 109 26
0 15 105 39
0 16 235 15
0 17 84 42
0 18 22 66
0 19 180 14
0 20 211 41
0 21 232 91
0 22 58 74
0 23 159 69
0 24 119 61
0 25 139 25
0 26 78 49
0 27 153 97
0 28 132 57
0 29 150 54
0 30 35 27
0 31 60 100
0 32 197 18
0 33 172 8
0 34 157 85
0 35 34 84
0 36 76 94
0 37 145 50
0 38 178 14
0 39 202 96
0 40 114 100
0 41 34 100
0 42 127 33
0 43 189 1
0 44 77 3
0 45 110 5
0 46 133 16
0 47 101 44
0 48 89 73
0 49 226 97
0 50 95 79
0 51 208 62
0 52 187 92
0 53 185 13
0 54 119 82
1 2 214 46
1 3 305 51
1 4 202 31
1 5 252 91
1 6 65 95
1 7 32 51
1 8 232 28
1 9 203 43
1 10 141 65
1 11 137 10
1 12 200 43
1 13 141 96
1 14 118 58
1 15 173 7
1 16 180 53
1 17 162 30
1 18 183 43
1 19 22 25
1 20 71 81
1 21 54 11
1 22 184 47
1 23 54 19
1 24 112 59
1 25 247 10
1 26 124 46
1 27 197 17
1 28 284 11
1 29 52 72
1 30 165 80
1 31 141 39
1 32 63 18
1 33 254 14
1 34 127 4
1 35 233 45
1 36 146 49
1 37 161 4
1 38 37 26
1 39 197 92
1 40 223 44
1 41 179 57
1 42 84 86
1 43 62 93
1 44 154 23
1 45 96 57
1 46 280 18
1 47 161 44
1 48 112 100
1 49 205 44
1 50 122 42
1 51 23 62
1 52 133 37
1 53 237 85
1 54 84 54
2 3 92 8
2 4 12 32
2 5 120 99
2 6 185 14
2 7 231 85
2 8 74 21
2 9 139 74
2 10 169 67
2 11 167 64
2 12 74 78
2 13 81 14
2 14 97 92
2 15 40 92
2 16 155 91
2 17 56 53
2 18 95 16
2 19 198 8
2 20 186 55
2 21 262 59
2 22 56 88
2 23 196 44
2 24 186 47
2 25 37 34
2 26 132 12
2 27 56 97
2 28 74 21
2 29 177 18
2 30 110 22
2 31 113 63
2 32 177 95
2 33 63 15
2 34 105 62
2 35 131 80
2 36 159 93
2 37 72 20
2 38 209 5
2 39 109 78
2 40 9 46
2 41 133 90
2 42 131 54
2 43 233 50
2 44 166 6
2 45 126 94
2 46 67 63
2 47 194 73
2 48 126 84
2 49 134 10
2 50 164 13
2 51 208 64
2 52 128 81
2 53 76 48
2 54 137 36
3 4 103 3
3 5 129 79
3 6 269 37
3 7 319 74
3 8 99 46
3 9 208 32
3 10 235 11
3 11 253 51
3 12 126 87
3 13 173 18
3 14 186 77
3 15 132 36
3 16 232 3
3 17 143 43
3 18 152 47
3 19 288 24
3 20 278 32
3 21 350 38
3 22 127 96
3 23 281 81
3 24 260 4
3 25 68 68
3 26 208 2
3 27 134 60
3 28 21 61
3 29 264 68
3 30 173 66
3 31 186 59
3 32 269 70
3 33 92 11
3 34 197 50
3 35 155 5
3 36 224 56
3 37 161 11
3 38 296 69
3 39 181 75
3 40 83 70
3 41 187 23
3 42 220 42
3 43 318 48
3 44 228 81
3 45 212 37
3 46 24 81
3 47 253 55
3 48 207 39
3 49 202 44
3 50 236 74
3 51 300 25
3 52 216 45
3 53 125 61
3 54 224 11
4 5 121 100
4 6 173 93
4 7 219 62
4 8 75 77
4 9 136 65
4 10 160 23
4 11 159 74
4 12 69 74
4 13 71 23
4 14 84 62
4 15 28 34
4 16 150 35
4 17 44 68
4 18 89 82
4 19 186 81
4 20 175 84
4 21 250 41
4 22 48 2
4 23 184 18
4 24 176 95
4 25 48 62
4 26 121 28
4 27 53 17
4 28 85 31
4 29 165 45
4 30 101 73
4 31 103 48
4 32 166 17
4 33 72 24
4 34 95 1
4 35 129 34
4 36 150 47
4 37 64 97
4 38 197 98
4 39 106 38
4 40 21 80
4 41 126 4
4 42 119 87
4 43 222 100
4 44 157 41
4 45 114 64
4 46 79 93
4 47 185 68
4 48 115 82
4 49 131 40
4 50 154 25
4 51 196 61
4 52 119 33
4 53 80 43
4 54 125 14
5 6 196 64
5 7 254 61
5 8 46 48
5 9 256 34
5 10 135 20
5 11 265 91
5 12 61 6
5 13 172 4
5 14 153 1
5 15 133 93
5 16 267 5
5 17 118 81
5 18 69 74
5 19 231 71
5 20 258 16
5 21 283 41
5 22 88 11
5 23 210 83
5 24 168 70
5 25 140 16
5 26 130 2
5 27 174 78
5 28 111 56
5 29 202 17
5 30 87 33
5 31 111 39
5 32 245 60
5 33 176 19
5 34 195 59
5 35 29 25
5 36 124 41
5 37 176 64
5 38 229 5
5 39 227 68
5 40 121 90
5 41 82 69
5 42 175 88
5 43 240 8
5 44 123 77
5 45 159 83
5 46 116 44
5 47 143 60
5 48 140 16
5 49 251 97
5 50 145 90
5 51 258 67
5 52 225 63
5 53 196 56
5 54 169 13
6 7 58 87
6 8 184 26
6 9 217 98
6 10 76 47
6 11 168 72
6 12 151 77
6 13 131 73
6 14 92 61
6 15 148 60
6 16 202 49
6 17 128 2
6 18 130 68
6 19 44 67
6 20 113 21
6 21 87 19
6 22 142 53
6 23 13 75
6 24 47 41
6 25 221 43
6 26 67 24
6 27 185 32
6 28 247 21
6 29 20 26
6 30 110 15
6 31 87 89
6 32 100 65
6 33 237 90
6 34 128 21
6 35 174 4
6 36 82 7
6 37 152 17
6 38 33 91
6 39 203 17
6 40 194 94
6 41 118 47
6 42 62 23
6 43 49 96
6 44 89 74
6 45 59 20
6 46 244 17
6 47 96 61
6 48 62 76
6 49 217 10
6 50 58 39
6 51 81 24
6 52 147 44
6 53 228 65
6 54 49 34
7 8 240 100
7 9 232 28
7 10 132 59
7 11 168 38
7 12 207 16
7 13 164 51
7 14 134 69
7 15 191 65
7 16 211 51
7 17 176 100
7 18 187 5
7 19 34 2
7 20 103 98
7 21 31 1
7 22 195 30
7 23 44 64
7 24 99 35
7 25 266 65
7 26 125 26
7 27 220 30
7 28 298 24
7 29 55 66
7 30 167 77
7 31 144 42
7 32 94 38
7 33 276 9
7 34 152 5
7 35 233 81
7 36 139 58
7 37 184 41
7 38 25 9
7 39 225 2
7 40 240 34
7 41 176 36
7 42 100 92
7 43 34 42
7 44 145 20
7 45 106 80
7 46 294 53
7 47 146 22
7 48 117 96
7 49 234 98
7 50 115 40
7 51 55 45
7 52 162 58
7 53 261 16
7 54 94 7
8 9 210 63
8 10 139 42
8 11 225 83
8 12 33 46
8 13 132 64
8 14 122 36
8 15 90 52
8 16 223 4
8 17 81 7
8 18 56 17
8 19 212 24
8 20 226 16
8 21 270 43
8 22 51 93
8 23 197 21
8 24 167 28
8 25 95 61
8 26 118 82
8 27 128 29
8 28 78 38
8 29 185 85
8 30 78 92
8 31 97 9
8 32 214 59
8 33 130 55
8 34 157 10
8 35 61 58
8 36 127 40
8 37 133 73
8 38 215 49
8 39 181 31
8 40 75 72
8 41 88 47
8 42 149 46
8 43 232 93
8 44 130 35
8 45 136 72
8 46 80 37
8 47 155 34
8 48 122 79
8 49 206 22
8 50 142 68
8 51 234 83
8 52 185 7
8 53 150 82
8 54 148 85
9 10 249 30
9 11 74 29
9 12 199 48
9 13 99 31
9 14 141 76
9 15 124 72
9 16 31 62
9 17 146 60
9 18 209 63
9 19 201 28
9 20 137 82
9 21 257 98
9 22 172 23
9 23 221 59
9 24 247 18
9 25 141 35
9 26 205 9
9 27 83 29
9 28 198 21
9 29 199 95
9 30 211 98
9 31 198 57
9 32 141 46
9 33 117 7
9 34 91 88
9 35 260 43
9 36 243 3
9 37 85 95
9 38 222 45
9 39 29 30
9 40 142 17
9 41 239 43
9 42 158 18
9 43 254 60
9 44 253 93
9 45 170 56
9 46 190 52
9 47 278 51
9 48 189 95
9 49 6 16
9 50 235 14
9 51 184 82
9 52 71 50
9 53 84 31
9 54 175 14
10 11 219 57
10 12 109 31
10 13 151 43
10 14 108 2
10 15 144 63
10 16 243 19
10 17 119 88
10 18 83 29
10 19 120 38
10 20 179 4
10 21 156 96
10 22 114 100
10 23 89 7
10 24 34 32
10 25 206 22
10 26 44 7
10 27 193 83
10 28 214 60
10 29 91 56
10 30 62 59
10 31 57 88
10 32 164 97
10 33 232 82
10 34 160 23
10 35 109 88
10 36 11 62
10 37 169 76
10 38 109 62
10 39 228 97
10 40 177 94
10 41 53 88
10 42 99 8
10 43 110 47
10 44 13 85
10 45 83 9
10 46 213 62
10 47 28 70
10 48 60 52
10 49 248 85
10 50 19 58
10 51 156 8
10 52 188 41
10 53 233 39
10 54 83 56
11 12 204 58
11 13 93 25
11 14 119 23
11 15 135 78
11 16 45 49
11 17 146 31
11 18 204 42
11 19 140 46
11 20 67 43
11 21 190 12
11 22 177 39
11 23 167 19
11 24 207 13
11 25 184 17
11 26 178 68
11 27 118 91
11 28 238 87
11 29 147 17
11 30 199 54
11 31 179 9
11 32 74 96
11 33 171 50
11 34 69 90
11 35 260 86
11 36 216 47
11 37 95 62
11 38 163 91
11 39 84 38
11 40 173 50
11 41 225 17
11 42 119 87
11 43 195 68
11 44 226 10
11 45 136 15
11 46 231 56
11 47 247 60
11 48 160 73
11 49 79 100
11 50 201 32
11 51 116 9
11 52 40 93
11 53 142 61
11 54 136 95
12 13 111 21
12 14 93 70
12 15 74 98
12 16 207 66
12 17 57 44
12 18 26 87
12 19 180 85
12 20 198 99
12 21 237 63
12 22 27 30
12 23 164 20
12 24 135 88
12 25 105 78
12 26 85 76
12 27 120 66
12 28 104 27
12 29 152 8
12 30 47 85
12 31 64 50
12 32 185 93
12 33 137 53
12 34 134 26
12 35 60 42
12 36 98 18
12 37 116 85
12 38 182 49
12 39 170 18
12 40 79 72
12 41 63 49
12 42 118 43
12 43 199 34
12 44 102 56
12 45 104 73
12 46 104 17
12 47 128 98
12 48 89 87
12 49 195 92
12 50 111 85
12 51 202 83
12 52 163 96
12 53 150 94
12 54 115 16
13 14 43 61
13 15 44 34
13 16 99 12
13 17 53 7
13 18 114 9
13 19 130 38
13 20 104 3
13 21 193 28
13 22 84 43
13 23 138 75
13 24 152 93
13 25 109 35
13 26 106 68
13 27 56 91
13 28 155 96
13 29 116 86
13 30 113 91
13 31 99 90
13 32 96 100
13 33 113 73
13 34 25 100
13 35 169 82
13 36 144 100
13 37 21 87
13 38 145 89
13 39 77 11
13 40 89 5
13 41 141 40
13 42 68 90
13 43 175 32
13 44 153 20
13 45 75 8
13 46 149 79
13 47 179 86
13 48 91 45
13 49 97 72
13 50 137 34
13 51 131 41
13 52 52 36
13 53 98 84
13 54 83 41
14 15 57 92
14 16 137 65
14 17 44 4
14 18 86 36
14 19 101 24
14 20 105 16
14 21 165 27
14 22 70 95
14 23 101 46
14 24 109 56
14 25 131 57
14 26 64 5
14 27 93 89
14 28 166 68
14 29 81 11
14 30 79 14
14 31 60 2
14 32 92 13
14 33 145 28
14 34 53 66
14 35 143 58
14 36 102 45
14 37 63 88
14 38 112 29
14 39 120 10
14 40 106 24
14 41 105 90
14 42 34 91
14 43 139 66
14 44 112 6
14 45 33 15
14 46 162 31
14 47 136 94
14 48 48 59
14 49 140 94
14 50 93 63
14 51 114 55
14 52 83 11
14 53 136 20
14 54 43 27
15 16 133 16
15 17 25 56
15 18 85 1
15 19 158 52
15 20 147 66
15 21 222 72
15 22 47 51
15 23 158 80
15 24 156 11
15 25 74 91
15 26 103 35
15 27 50 98
15 28 113 97
15 29 138 45
15 30 92 46
15 31 87 28
15 32 137 76
15 33 90 83
15 34 69 30
15 35 135 66
15 36 135 3
15 37 43 29
15 38 170 91
15 39 96 69
15 40 49 84
15 41 119 14
15 42 91 20
15 43 196 11
15 44 143 69
15 45 88 34
15 46 108 95
15 47 171 20
15 48 93 94
15 49 121 48
15 50 136 25
15 51 168 28
15 52 95 42
15 53 88 38
15 54 99 59
16 17 151 88
16 18 213 98
16 19 180 84
16 20 111 44
16 21 233 47
16 22 180 91
16 23 204 41
16 24 237 23
16 25 164 82
16 26 200 15
16 27 100 72
16 28 221 22
16 29 183 100
16 30 213 44
16 31 196 91
16 32 117 22
16 33 143 80
16 34 83 87
16 35 267 94
16 36 239 41
16 37 90 5
16 38 202 27
16 39 51 46
16 40 160 21
16 41 240 92
16 42 147 86
16 43 234 24
16 44 248 24
16 45 161 49
16 46 213 31
16 47 272 54
16 48 183 55
16 49 37 57
16 50 227 45
16 51 159 35
16 52 55 62
16 53 111 11
16 54 164 12
17 18 62 67
17 19 145 95
17 20 146 84
17 21 207 49
17 22 30 59
17 23 140 23
17 24 132 10
17 25 93 9
17 26 78 93
17 27 75 40
17 28 122 57
17 29 122 36
17 30 67 54
17 31 62 41
17 32 135 69
17 33 113 7
17 34 77 57
17 35 116 23
17 36 110 58
17 37 61 3
17 38 153 2
17 39 119 29
17 40 65 69
17 41 95 91
17 42 77 81
17 43 177 23
17 44 118 6
17 45 70 37
17 46 118 24
17 47 145 64
17 48 70 56
17 49 143 76
17 50 111 64
17 51 159 80
17 52 106 30
17 53 114 14
17 54 82 42
18 19 162 53
18 20 189 13
18 21 217 36
18 22 40 86
18 23 143 58
18 24 110 91
18 25 129 7
18 26 62 57
18 27 135 50
18 28 130 72
18 29 133 91
18 30 21 26
18 31 42 85
18 32 176 96
18 33 159 46
18 34 135 64
18 35 57 27
18 36 71 7
18 37 124 22
18 38 162 71
18 39 182 82
18 40 101 67
18 41 38 91
18 42 106 54
18 43 176 73
18 44 75 76
18 45 89 60
18 46 130 26
18 47 102 41
18 48 70 53
18 49 205 25
18 50 86 86
18 51 188 7
18 52 165 59
18 53 169 87
18 54 99 83
19 20 78 39
19 21 64 5
19 22 165 9
19 23 34 72
19 24 91 96
19 25 233 95
19 26 102 13
19 27 186 81
19 28 267 58
19 29 30 99
19 30 144 48
19 31 119 49
19 32 66 81
19 33 243 25
19 34 118 91
19 35 212 85
19 36 124 70
19 37 150 4
19 38 22 3
19 39 192 36
19 40 208 14
19 41 157 30
19 42 67 46
19 43 54 53
19 44 132 45
19 45 76 2
19 46 263 30
19 47 140 76
19 48 91 67
19 49 202 72
19 50 101 97
19 51 38 34
19 52 130 7
19 53 227 24
19 54 65 17
20 21 123 42
20 22 175 97
20 23 109 55
20 24 158 27
20 25 213 64
20 26 145 7
20 27 152 24
20 28 260 88
20 29 93 89
20 30 178 63
20 31 154 55
20 32 14 74
20 33 211 33
20 34 81 18
20 35 246 74
20 36 179 16
20 37 118 7
20 38 101 73
20 39 137 64
20 40 194 76
20 41 200 84
20 42 85 43
20 43 131 8
20 44 188 45
20 45 104 30
20 46 254 39
20 47 204 73
20 48 128 97
20 49 140 87
20 50 159 32
20 51 49 23
20 52 73 98
20 53 187 74
20 54 98 87
21 22 225 31
21 23 73 2
21 24 122 25
21 25 297 94
21 26 154 76
21 27 250 70
21 28 329 4
21 29 86 28
21 30 197 48
21 31 174 18
21 32 116 24
21 33 306 35
21 34 181 41
21 35 261 100
21 36 164 1
21 37 214 58
21 38 55 41
21 39 251 18
21 40 271 56
21 41 204 50
21 42 131 3
21 43 48 24
21 44 170 16
21 45 137 40
21 46 325 8
21 47 168 76
21 48 147 59
21 49 259 33
21 50 141 67
21 51 74 57
21 52 188 36
21 53 291 61
21 54 125 69
22 23 154 75
22 24 135 83
22 25 91 76
22 26 81 35
22 27 95 91
22 28 105 75
22 29 139 20
22 30 54 39
22 31 60 68
22 32 163 97
22 33 119 33
22 34 107 6
22 35 87 15
22 36 104 58
22 37 89 8
22 38 170 78
22 39 144 27
22 40 63 8
22 41 78 10
22 42 100 13
22 43 191 66
22 44 110 80
22 45 88 56
22 46 103 45
22 47 138 3
22 48 80 35
22 49 168 33
22 50 112 61
22 51 184 96
22 52 136 76
22 53 128 69
22 54 100 19
23 24 57 89
23 25 232 30
23 26 80 66
23 27 193 71
23 28 259 13
23 29 22 10
23 30 123 27
23 31 101 39
23 32 96 22
23 33 247 66
23 34 133 39
23 35 188 96
23 36 95 67
23 37 159 58
23 38 20 21
23 39 208 42
23 40 205 22
23 41 132 79
23 42 69 44
23 43 38 85
23 44 102 91
23 45 69 51
23 46 256 76
23 47 107 8
23 48 75 90
23 49 221 3
23 50 71 23
23 51 72 78
23 52 150 81
23 53 236 72
23 54 58 61
24 25 223 11
24 26 54 76
24 27 201 8
24 28 238 95
24 29 66 55
24 30 89 12
24 31 74 56
24 32 144 95
24 33 246 7
24 34 156 35
24 35 142 51
24 36 44 67
24 37 172 68
24 38 77 91
24 39 228 46
24 40 195 20
24 41 86 31
24 42 89 24
24 43 75 35
24 44 48 28
24 45 77 88
24 46 237 47
24 47 49 28
24 48 63 100
24 49 246 65
24 50 24 16
24 51 129 12
24 52 181 6
24 53 243 65
24 54 73 54
25 26 169 28
25 27 65 67
25 28 57 14
25 29 213 10
25 30 145 100
25 31 150 78
25 32 206 57
25 33 36 90
25 34 131 34
25 35 156 23
25 36 195 29
25 37 94 90
25 38 244 82
25 39 113 37
25 40 28 100
25 41 167 89
25 42 165 66
25 43 270 57
25 44 201 71
25 45 162 60
25 46 49 15
25 47 229 50
25 48 163 12
25 49 135 11
25 50 201 58
25 51 240 32
25 52 148 30
25 53 62 6
25 54 173 92
26 27 150 69
26 28 186 86
26 29 72 44
26 30 42 43
26 31 21 40
26 32 130 38
26 33 192 58
26 34 117 62
26 35 109 20
26 36 38 5
26 37 124 69
26 38 99 2
26 39 183 86
26 40 140 21
26 41 56 76
26 42 60 12
26 43 113 31
26 44 48 55
26 45 42 87
26 46 184 41
26 47 72 55
26 48 17 78
26 49 203 70
26 50 33 73
26 51 133 92
26 52 145 10
26 53 191 2
26 54 47 78
27 28 121 51
27 29 172 65
27 30 142 91
27 31 136 75
27 32 147 93
27 33 58 31
27 34 72 63
27 35 181 89
27 36 184 38
27 37 36 3
27 38 202 61
27 39 53 69
27 40 59 69
27 41 169 43
27 42 124 55
27 43 231 82
27 44 193 97
27 45 127 72
27 46 113 33
27 47 220 48
27 48 138 4
27 49 78 28
27 50 182 30
27 51 185 93
27 52 83 19
27 53 42 98
27 54 136 95
28 29 243 4
28 30 151 74
28 31 165 96
28 32 251 8
28 33 87 35
28 34 179 66
28 35 136 14
28 36 202 19
28 37 145 3
28 38 275 14
28 39 170 92
28 40 66 61
28 41 165 13
28 42 199 46
28 43 296 90
28 44 206 28
28 45 191 71
28 46 8 69
28 47 232 23
28 48 185 57
28 49 193 45
28 50 214 98
28 51 280 55
28 52 200 3
28 53 118 38
28 54 203 96
29 30 114 34
29 31 90 21
29 32 79 74
29 33 226 92
29 34 111 11
29 35 182 46
29 36 95 70
29 37 138 50
29 38 31 32
29 39 186 2
29 40 186 18
29 41 127 63
29 42 48 100
29 43 58 64
29 44 103 70
29 45 51 26
29 46 239 83
29 47 114 22
29 48 62 58
29 49 199 40
29 50 72 1
29 51 64 31
29 52 128 73
29 53 214 15
29 54 39 40
30 31 25 80
30 32 164 1
30 33 173 97
30 34 131 64
30 35 69 33
30 36 51 29
30 37 127 29
30 38 142 81
30 39 186 2
30 40 117 23
30 41 27 42
30 42 92 32
30 43 155 39
30 44 56 7
30 45 75 72
30 46 150 7
30 47 84 64
30 48 53 90
30 49 209 91
30 50 64 19
30 51 172 50
30 52 162 35
30 53 179 87
30 54 84 80
31 32 140 48
31 33 175 59
31 34 113 71
31 35 94 13
31 36 47 42
31 37 115 100
31 38 119 61
31 39 174 47
31 40 121 2
31 41 46 32
31 42 68 44
31 43 134 36
31 44 56 34
31 45 50 52
31 46 163 24
31 47 83 44
31 48 28 23
31 49 196 61
31 50 51 99
31 51 147 20
31 52 143 2
31 53 176 21
31 54 59 63
32 33 206 17
32 34 75 14
32 35 232 75
32 36 164 3
32 37 112 47
32 38 89 73
32 39 137 75
32 40 186 18
32 41 185 80
32 42 71 74
32 43 120 18
32 44 174 84
32 45 89 20
32 46 245 44
32 47 189 50
32 48 114 25
32 49 143 81
32 50 144 30
32 51 43 80
32 52 73 66
32 53 184 80
32 54 83 38
33 34 130 17
33 35 191 59
33 36 222 88
33 37 94 92
33 38 257 7
33 39 92 43
33 40 58 8
33 41 197 42
33 42 178 34
33 43 284 68
33 44 229 96
33 45 178 57
33 46 79 91
33 47 257 53
33 48 183 33
33 49 111 32
33 50 225 87
33 51 244 15
33 52 140 53
33 53 33 66
33 54 188 58
34 35 191 94
34 36 155 54
34 37 37 93
34 38 137 61
34 39 75 10
34 40 113 98
34 41 158 6
34 42 67 15
34 43 168 20
34 44 165 41
34 45 79 29
34 46 173 13
34 47 189 88
34 48 100 3
34 49 90 55
34 50 144 30
34 51 114 24
34 52 30 82
34 53 110 7
34 54 83 58
35 36 98 88
35 37 176 36
35 38 208 73
35 39 231 46
35 40 134 35
35 41 56 13
35 42 161 94
35 43 216 68
35 44 96 80
35 45 144 54
35 46 139 90
35 47 114 86
35 48 122 74
35 49 256 15
35 50 120 63
35 51 241 47
35 52 221 71
35 53 208 72
35 54 153 46
36 37 161 83
36 38 115 15
36 39 221 7
36 40 166 47
36 41 42 25
36 42 97 70
36 43 118 87
36 44 9 24
36 45 79 99
36 46 202 28
36 47 35 34
36 48 55 50
36 49 241 99
36 50 24 27
36 51 159 98
36 52 184 45
36 53 224 19
36 54 82 38
37 38 166 25
37 39 59 74
37 40 79 56
37 41 154 26
37 42 90 72
37 43 196 19
37 44 171 66
37 45 96 60
37 46 138 28
37 47 197 67
37 48 110 51
37 49 82 41
37 50 156 33
37 51 149 75
37 52 55 38
37 53 77 31
37 54 104 25
38 39 211 75
38 40 218 76
38 41 152 76
38 42 79 81
38 43 32 72
38 44 122 62
38 45 83 67
38 46 271 46
38 47 125 15
38 48 92 90
38 49 223 2
38 50 91 98
38 51 58 56
38 52 151 74
38 53 244 14
38 54 71 28
39 40 112 65
39 41 213 46
39 42 141 83
39 43 242 10
39 44 230 94
39 45 151 55
39 46 162 54
39 47 256 69
39 48 168 91
39 49 24 11
39 50 214 49
39 51 180 35
39 52 64 86
39 53 60 65
39 54 157 13
40 41 139 55
40 42 140 75
40 43 243 15
40 44 173 98
40 45 135 78
40 46 59 48
40 47 201 38
40 48 135 7
40 49 137 23
40 50 172 55
40 51 217 92
40 52 134 99
40 53 75 87
40 54 147 83
41 42 114 31
41 43 159 89
41 44 42 85
41 45 95 7
41 46 166 7
41 47 66 39
41 48 71 73
41 49 236 67
41 50 63 17
41 51 189 2
41 52 188 83
41 53 205 3
41 54 102 52
42 43 107 4
42 44 107 72
42 45 18 16
42 46 195 39
42 47 127 30
42 48 43 29
42 49 157 45
42 50 81 45
42 51 84 52
42 52 91 85
42 53 166 42
42 54 17 42
43 44 123 44
43 45 107 49
43 46 293 56
43 47 120 38
43 48 111 78
43 49 255 16
43 50 95 18
43 51 86 20
43 52 183 40
43 53 273 13
43 54 96 2
44 45 89 54
44 46 206 49
44 47 28 39
44 48 65 16
44 49 251 37
44 50 31 33
44 51 168 79
44 52 193 57
44 53 232 19
44 54 91 18
45 46 188 72
45 47 111 67
45 48 25 47
45 49 169 78
45 50 66 15
45 51 99 66
45 52 105 55
45 53 170 97
45 54 12 60
46 47 232 32
46 48 183 31
46 49 184 20
46 50 213 51
46 51 275 98
46 52 193 99
46 53 110 86
46 54 200 89
47 48 89 10
47 49 276 36
47 50 45 94
47 51 177 94
47 52 216 78
47 53 260 16
47 54 111 74
48 49 188 17
48 50 45 1
48 51 119 71
48 52 128 77
48 53 180 37
48 54 31 33
49 50 233 18
49 51 186 16
49 52 72 44
49 53 78 96
49 54 174 92
50 51 136 100
50 52 171 32
50 53 224 79
50 54 65 32
51 52 116 85
51 53 224 13
51 54 88 44
52 53 114 24
52 54 108 20
53 54 179 26
