50
5
100
5
20
23
6
43
36
5
6
47
48
35
1
0 1 66 92
0 2 41 40
0 3 48 70
0 4 69 79
0 5 74 71
0 6 159 85
0 7 55 94
0 8 28 53
0 9 118 56
0 10 53 3
0 11 90 1
0 12 106 43
0 13 124 38
0 14 170 18
0 15 156 15
0 16 128 32
0 17 94 38
0 18 108 34
0 19 35 75
0 20 110 12
0 21 91 69
0 22 44 55
0 23 146 90
0 24 127 1
0 25 114 37
0 26 82 68
0 27 94 84
0 28 92 84
0 29 150 89
0 30 95 33
0 31 158 86
0 32 164 59
0 33 86 100
0 34 18 44
0 35 97 73
0 36 27 10
0 37 106 51
0 38 107 50
0 39 100 60
0 40 35 1
0 41 98 56
0 42 92 64
0 43 62 66
0 44 19 88
0 45 168 56
0 46 142 60
0 47 156 38
0 48 80 48
0 49 37 1
1 2 99 61
1 3 47 21
1 4 25 26
1 5 76 3
1 6 112 75
1 7 30 15
1 8 94 99
1 9 74 36
1 10 67 52
1 11 56 34
1 12 43 18
1 13 70 10
1 14 121 74
1 15 120 73
1 16 66 75
1 17 30 26
1 18 142 7
1 19 90 34
1 20 45 2
1 21 61 12
1 22 102 42
1 23 86 23
1 24 63 73
1 25 90 62
1 26 93 57
1 27 133 41
1 28 47 92
1 29 89 62
1 30 83 17
1 31 99 89
1 32 113 99
1 33 113 87
1 34 81 90
1 35 138 76
1 36 54 49
1 37 47 59
1 38 108 61
1 39 47 55
1 40 73 56
1 41 38 12
1 42 42 26
1 43 93 6
1 44 61 43
1 45 112 70
1 46 113 58
1 47 97 15
1 48 101 82
1 49 103 20
2 3 63 88
2 4 108 81
2 5 114 27
2 6 200 11
2 7 79 80
2 8 22 43
2 9 131 70
2 10 53 68
2 11 131 34
2 12 142 54
2 13 163 46
2 14 211 19
2 15 197 33
2 16 153 55
2 17 123 93
2 18 133 82
2 19 10 14
2 20 140 32
2 21 102 57
2 22 61 22
2 23 184 2
2 24 155 69
2 25 155 1
2 26 69 34
2 27 59 51
2 28 111 37
2 29 187 86
2 30 94 54
2 31 179 93
2 32 204 10
2 33 60 56
2 34 42 24
2 35 118 4
2 36 68 65
2 37 144 88
2 38 144 43
2 39 122 92
2 40 31 69
2 41 136 33
2 42 114 81
2 43 94 6
2 44 37 26
2 45 186 21
2 46 183 60
2 47 195 27
2 48 60 68
2 49 33 34
3 4 67 95
3 5 103 21
3 6 159 15
3 7 18 77
3 8 68 57
3 9 70 91
3 10 20 47
3 11 98 85
3 12 89 99
3 13 118 91
3 14 169 6
3 15 165 67
3 16 90 27
3 17 62 21
3 18 153 64
3 19 53 46
3 20 78 34
3 21 42 5
3 22 93 59
3 23 133 3
3 24 92 25
3 25 130 73
3 26 47 37
3 27 86 18
3 28 47 74
3 29 135 20
3 30 49 97
3 31 115 18
3 32 160 91
3 33 66 86
3 34 67 83
3 35 144 34
3 36 59 35
3 37 94 21
3 38 138 26
3 39 58 63
3 40 33 56
3 41 85 20
3 42 50 79
3 43 104 21
3 44 31 40
3 45 123 97
3 46 156 11
3 47 144 13
3 48 54 48
3 49 81 87
4 5 54 34
4 6 94 19
4 7 52 98
4 8 97 56
4 9 98 89
4 10 87 30
4 11 32 33
4 12 40 96
4 13 55 4
4 14 104 17
4 15 98 28
4 16 82 86
4 17 48 80
4 18 123 63
4 19 99 44
4 20 59 78
4 21 86 4
4 22 95 28
4 23 77 19
4 24 77 34
4 25 65 78
4 26 114 62
4 27 149 9
4 28 72 68
4 29 81 89
4 30 108 28
4 31 116 73
4 32 97 23
4 33 132 33
4 34 80 68
4 35 122 91
4 36 48 98
4 37 38 74
4 38 85 36
4 39 70 94
4 40 87 94
4 41 31 86
4 42 65 56
4 43 77 93
4 44 72 2
4 45 131 74
4 46 89 35
4 47 87 42
4 48 121 50
4 49 104 73
5 6 101 22
5 7 94 100
5 8 94 65
5 9 151 93
5 10 118 32
5 11 41 53
5 12 88 62
5 13 82 17
5 14 113 57
5 15 89 55
5 16 136 69
5 17 103 61
5 18 71 96
5 19 109 85
5 20 113 39
5 21 134 69
5 22 71 64
5 23 110 75
5 24 130 78
5 25 45 52
5 26 148 74
5 27 169 51
5 28 123 47
5 29 114 59
5 30 151 93
5 31 171 72
5 32 111 5
5 33 158 34
5 34 72 79
5 35 74 23
5 36 48 81
5 37 80 31
5 38 35 11
5 39 123 89
5 40 107 82
5 41 77 43
5 42 118 96
5 43 35 74
5 44 89 91
5 45 185 53
5 46 73 68
5 47 116 16
5 48 150 75
5 49 93 47
6 7 142 35
6 8 186 79
6 9 164 77
6 10 180 21
6 11 69 9
6 12 77 1
6 13 42 16
6 14 11 1
6 15 30 12
6 16 124 44
6 17 113 68
6 18 160 98
6 19 192 83
6 20 108 24
6 21 165 62
6 22 171 70
6 23 47 91
6 24 115 41
6 25 59 55
6 26 206 42
6 27 243 96
6 28 146 46
6 29 50 90
6 30 192 80
6 31 151 40
6 32 14 4
6 33 226 100
6 34 165 80
6 35 170 27
6 36 133 33
6 37 68 87
6 38 99 2
6 39 137 43
6 40 181 64
6 41 76 51
6 42 138 58
6 43 136 98
6 44 165 64
6 45 167 27
6 46 42 65
6 47 41 3
6 48 214 66
6 49 189 52
7 8 79 5
7 9 63 13
7 10 38 71
7 11 84 82
7 12 71 43
7 13 100 24
7 14 151 83
7 15 150 47
7 16 74 69
7 17 44 21
7 18 152 36
7 19 69 59
7 20 61 83
7 21 40 14
7 22 98 100
7 23 114 93
7 24 76 46
7 25 117 42
7 26 63 81
7 27 104 46
7 28 37 64
7 29 117 22
7 30 57 80
7 31 103 36
7 32 142 76
7 33 84 64
7 34 73 92
7 35 145 63
7 36 57 75
7 37 76 10
7 38 129 21
7 39 45 26
7 40 49 94
7 41 67 23
7 42 37 23
7 43 102 74
7 44 42 75
7 45 112 58
7 46 141 97
7 47 126 81
7 48 72 72
7 49 91 16
8 9 138 53
8 10 64 34
8 11 116 2
8 12 135 51
8 13 152 88
8 14 197 39
8 15 180 58
8 16 153 82
8 17 120 49
8 18 111 27
8 19 24 53
8 20 137 89
8 21 109 24
8 22 39 67
8 23 175 54
8 24 154 50
8 25 138 18
8 26 86 1
8 27 81 88
8 28 115 76
8 29 178 41
8 30 107 98
8 31 182 9
8 32 191 86
8 33 81 55
8 34 22 97
8 35 96 82
8 36 52 69
8 37 135 8
8 38 124 1
8 39 124 12
8 40 40 39
8 41 127 9
8 42 116 47
8 43 72 7
8 44 36 3
8 45 191 46
8 46 166 42
8 47 185 3
8 48 79 52
8 49 14 21
9 10 78 46
9 11 127 12
9 12 88 18
9 13 123 55
9 14 170 14
9 15 182 19
9 16 46 54
9 17 54 74
9 18 214 35
9 19 122 96
9 20 56 73
9 21 29 83
9 22 162 3
9 23 122 78
9 24 54 73
9 25 160 3
9 26 79 12
9 27 131 81
9 28 27 63
9 29 122 99
9 30 49 57
9 31 52 29
9 32 159 57
9 33 106 47
9 34 136 16
9 35 208 69
9 36 120 48
9 37 98 69
9 38 183 100
9 39 29 26
9 40 100 71
9 41 93 17
9 42 32 91
9 43 164 94
9 44 102 65
9 45 55 57
9 46 179 32
9 47 133 56
9 48 94 53
9 49 151 89
10 11 117 14
10 12 109 55
10 13 138 61
10 14 189 16
10 15 185 40
10 16 105 65
10 17 81 99
10 18 162 98
10 19 44 77
10 20 97 4
10 21 49 86
10 22 96 12
10 23 153 89
10 24 109 63
10 25 149 87
10 26 30 9
10 27 66 40
10 28 61 69
10 29 155 60
10 30 43 32
10 31 127 99
10 32 181 88
10 33 46 54
10 34 70 30
10 35 151 3
10 36 72 17
10 37 114 51
10 38 153 80
10 39 73 48
10 40 24 7
10 41 106 16
10 42 65 96
10 43 114 9
10 44 33 100
10 45 133 71
10 46 175 48
10 47 164 6
10 48 34 32
10 49 78 37
11 12 50 79
11 13 41 23
11 14 80 46
11 15 68 37
11 16 102 47
11 17 74 47
11 18 111 70
11 19 124 87
11 20 80 23
11 21 117 59
11 22 104 31
11 23 69 55
11 24 96 77
11 25 34 47
11 26 146 62
11 27 178 28
11 28 102 59
11 29 73 23
11 30 140 85
11 31 137 16
11 32 75 55
11 33 162 52
11 34 96 85
11 35 115 25
11 36 64 76
11 37 41 2
11 38 61 26
11 39 98 51
11 40 114 32
11 41 40 14
11 42 95 37
11 43 74 67
11 44 98 54
11 45 152 42
11 46 57 39
11 47 76 95
11 48 152 6
11 49 120 30
12 13 35 55
12 14 85 40
12 15 94 81
12 16 54 7
12 17 35 50
12 18 159 2
12 19 133 26
12 20 33 86
12 21 88 97
12 22 136 68
12 23 43 27
12 24 46 34
12 25 78 19
12 26 132 80
12 27 175 73
12 28 68 76
12 29 46 4
12 30 115 68
12 31 87 19
12 32 74 55
12 33 154 60
12 34 120 68
12 35 161 20
12 36 88 2
12 37 11 77
12 38 111 83
12 39 60 31
12 40 117 92
12 41 10 55
12 42 60 22
12 43 116 64
12 44 104 41
12 45 103 26
12 46 92 98
12 47 55 7
12 48 142 96
12 49 143 53
13 14 51 32
13 15 60 9
13 16 86 68
13 17 70 59
13 18 151 88
13 19 155 86
13 20 67 18
13 21 123 100
13 22 144 74
13 23 28 63
13 24 77 4
13 25 55 61
13 26 163 44
13 27 203 31
13 28 103 90
13 29 32 43
13 30 149 45
13 31 116 75
13 32 42 5
13 33 184 62
13 34 133 45
13 35 156 52
13 36 100 49
13 37 25 61
13 38 94 24
13 39 95 2
13 40 142 14
13 41 33 11
13 42 95 32
13 43 115 31
13 44 127 76
13 45 132 12
13 46 60 91
13 47 35 33
13 48 172 39
13 49 157 88
14 15 37 94
14 16 129 90
14 17 120 58
14 18 170 7
14 19 203 35
14 20 114 43
14 21 173 53
14 22 183 66
14 23 50 90
14 24 120 74
14 25 70 10
14 26 215 57
14 27 253 53
14 28 153 71
14 29 52 27
14 30 200 80
14 31 154 38
14 32 12 59
14 33 235 68
14 34 177 92
14 35 181 30
14 36 144 84
14 37 76 15
14 38 109 66
14 39 144 23
14 40 191 5
14 41 84 61
14 42 145 63
14 43 148 55
14 44 176 82
14 45 170 50
14 46 51 54
14 47 42 13
14 48 223 19
14 49 200 77
15 16 146 50
15 17 128 1
15 18 138 28
15 19 190 54
15 20 127 74
15 21 179 100
15 22 160 94
15 23 74 57
15 24 137 94
15 25 43 86
15 26 213 55
15 27 246 83
15 28 161 40
15 29 77 91
15 30 204 87
15 31 175 76
15 32 44 96
15 33 230 7
15 34 159 21
15 35 149 39
15 36 128 46
15 37 83 27
15 38 77 25
15 39 153 23
15 40 182 82
15 41 89 49
15 42 153 64
15 43 122 38
15 44 165 21
15 45 191 95
15 46 17 41
15 47 70 92
15 48 220 25
15 49 181 57
16 17 35 1
16 18 205 92
16 19 143 89
16 20 23 19
16 21 63 99
16 22 167 36
16 23 79 10
16 24 9 41
16 25 133 41
16 26 116 73
16 27 167 10
16 28 45 70
16 29 78 58
16 30 90 85
16 31 34 77
16 32 117 11
16 33 143 92
16 34 145 63
16 35 203 68
16 36 120 67
16 37 65 18
16 38 163 30
16 39 32 53
16 40 123 1
16 41 63 81
16 42 40 31
16 43 158 10
16 44 117 76
16 45 49 17
16 46 146 27
16 47 89 31
16 48 130 14
16 49 165 4
17 18 171 68
17 19 113 81
17 20 17 94
17 21 53 42
17 22 132 34
17 23 76 89
17 24 33 52
17 25 107 8
17 26 99 51
17 27 146 16
17 28 33 22
17 29 77 97
17 30 80 51
17 31 69 93
17 32 110 41
17 33 124 69
17 34 110 62
17 35 168 99
17 36 84 11
17 37 45 56
17 38 132 51
17 39 25 50
17 40 94 30
17 41 39 30
17 42 25 5
17 43 123 43
17 44 86 91
17 45 82 45
17 46 125 64
17 47 87 100
17 48 111 85
17 49 131 70
18 19 134 85
18 20 183 29
18 21 192 44
18 22 72 90
18 23 179 53
18 24 200 64
18 25 101 50
18 26 190 9
18 27 192 25
18 28 186 36
18 29 183 33
18 30 202 19
18 31 240 59
18 32 172 94
18 33 191 73
18 34 94 64
18 35 18 53
18 36 94 43
18 37 152 13
18 38 61 15
18 39 189 40
18 40 142 18
18 41 149 17
18 42 182 88
18 43 50 72
18 44 128 75
18 45 254 37
18 46 121 37
18 47 184 12
18 48 187 45
18 49 100 26
19 20 130 90
19 21 92 5
19 22 62 66
19 23 175 80
19 24 145 55
19 25 149 1
19 26 62 51
19 27 60 72
19 28 101 66
19 29 178 56
19 30 86 77
19 31 169 32
19 32 196 63
19 33 57 75
19 34 40 31
19 35 119 43
19 36 62 39
19 37 135 66
19 38 141 87
19 39 112 45
19 40 21 4
19 41 127 100
19 42 104 29
19 43 92 5
19 44 28 78
19 45 176 27
19 46 177 70
19 47 186 31
19 48 55 20
19 49 37 40
20 21 63 3
20 22 148 79
20 23 66 10
20 24 18 28
20 25 111 56
20 26 113 98
20 27 162 90
20 28 43 70
20 29 67 46
20 30 91 20
20 31 57 50
20 32 102 100
20 33 139 65
20 34 127 72
20 35 181 44
20 36 99 70
20 37 44 46
20 38 140 54
20 39 31 8
20 40 111 60
20 41 40 7
20 42 35 69
20 43 136 95
20 44 103 96
20 45 72 64
20 46 125 19
20 47 77 81
20 48 126 37
20 49 148 6
21 22 135 44
21 23 129 62
21 24 69 81
21 25 151 77
21 26 53 69
21 27 105 97
21 28 20 85
21 29 130 3
21 30 28 55
21 31 80 74
21 32 163 97
21 33 80 22
21 34 109 39
21 35 184 65
21 36 97 67
21 37 97 13
21 38 168 10
21 39 32 24
21 40 71 17
21 41 90 85
21 42 28 28
21 43 142 94
21 44 74 42
21 45 84 42
21 46 173 23
21 47 140 51
21 48 67 93
21 49 123 44
22 23 171 63
22 24 165 13
22 25 117 55
22 26 122 96
22 27 120 76
22 28 136 54
22 29 175 40
22 30 139 85
22 31 199 10
22 32 179 11
22 33 119 23
22 34 26 17
22 35 57 71
22 36 48 74
22 37 133 92
22 38 94 32
22 39 142 79
22 40 74 22
22 41 126 15
22 42 135 69
22 43 40 20
22 44 63 99
22 45 210 47
22 46 144 46
22 47 179 21
22 48 117 56
22 49 29 25
23 24 70 31
23 25 81 58
23 26 175 55
23 27 219 35
23 28 108 70
23 29 4 41
23 30 157 57
23 31 104 61
23 32 38 73
23 33 198 73
23 34 158 13
23 35 184 70
23 36 125 12
23 37 40 49
23 38 122 57
23 39 97 72
23 40 160 57
23 41 48 72
23 42 100 56
23 43 144 77
23 44 147 67
23 45 120 42
23 46 80 98
23 47 11 12
23 48 186 100
23 49 181 5
24 25 125 66
24 26 122 68
24 27 172 25
24 28 50 17
24 29 69 66
24 30 97 49
24 31 41 59
24 32 108 100
24 33 148 81
24 34 144 98
24 35 199 16
24 36 117 96
24 37 57 79
24 38 157 54
24 39 37 54
24 40 125 91
24 41 55 52
24 42 43 71
24 43 154 17
24 44 118 80
24 45 56 71
24 46 137 87
24 47 80 77
24 48 135 95
24 49 164 68
25 26 178 51
25 27 206 50
25 28 136 81
25 29 86 40
25 30 173 97
25 31 166 91
25 32 70 37
25 33 193 81
25 34 116 13
25 35 111 82
25 36 87 45
25 37 68 21
25 38 41 35
25 39 131 12
25 40 143 48
25 41 70 94
25 42 129 88
25 43 79 42
25 44 126 89
25 45 182 24
25 46 28 37
25 47 84 97
25 48 183 21
25 49 138 22
26 27 52 12
26 28 72 32
26 29 177 3
26 30 31 39
26 31 131 55
26 32 205 99
26 33 27 41
26 34 96 29
26 35 178 26
26 36 102 38
26 37 138 70
26 38 183 45
26 39 85 63
26 40 48 68
26 41 130 18
26 42 78 70
26 43 143 86
26 44 62 10
26 45 134 84
26 46 204 25
26 47 186 71
26 48 15 1
26 49 100 24
27 28 122 65
27 29 221 45
27 30 83 59
27 31 184 38
27 32 245 80
27 33 25 27
27 34 101 60
27 35 177 24
27 36 121 90
27 37 180 79
27 38 201 25
27 39 135 19
27 40 63 13
27 41 171 68
27 42 128 46
27 43 153 87
27 44 80 14
27 45 186 10
27 46 234 84
27 47 230 7
27 48 37 41
27 49 92 61
28 29 109 39
28 30 48 7
28 31 67 30
28 32 143 50
28 33 98 42
28 34 110 65
28 35 180 36
28 36 92 87
28 37 78 79
28 38 156 1
28 39 13 62
28 40 80 77
28 41 71 100
28 42 8 78
28 43 136 66
28 44 78 30
28 45 76 80
28 46 156 90
28 47 120 66
28 48 85 21
28 49 127 29
29 30 158 9
29 31 102 28
29 32 40 67
29 33 200 16
29 34 161 92
29 35 189 21
29 36 128 79
29 37 43 25
29 38 126 49
29 39 98 84
29 40 163 52
29 41 51 97
29 42 101 64
29 43 148 11
29 44 150 82
29 45 118 50
29 46 84 68
29 47 10 61
29 48 188 37
29 49 185 51
30 31 101 70
30 32 190 12
30 33 58 5
30 34 113 69
30 35 192 67
30 36 109 69
30 37 124 38
30 38 186 18
30 39 60 54
30 40 67 96
30 41 116 72
30 42 56 46
30 43 153 36
30 44 76 44
30 45 103 46
30 46 197 89
30 47 168 27
30 48 46 2
30 49 121 22
31 32 142 92
31 33 159 73
31 34 176 86
31 35 238 16
31 36 153 28
31 37 98 92
31 38 198 56
31 39 57 67
31 40 148 1
31 41 97 72
31 42 66 86
31 43 192 98
31 44 145 39
31 45 16 57
31 46 177 9
31 47 112 85
31 48 146 43
31 49 194 53
32 33 226 91
32 34 172 21
32 35 181 80
32 36 139 78
32 37 66 54
32 38 111 81
32 39 133 20
32 40 184 33
32 41 75 22
32 42 135 37
32 43 146 9
32 44 169 76
32 45 158 80
32 46 56 74
32 47 30 5
32 48 215 69
32 49 195 31
33 34 97 43
33 35 177 75
33 36 110 69
33 37 160 16
33 38 192 84
33 39 111 26
33 40 51 31
33 41 152 7
33 42 104 100
33 43 147 14
33 44 68 46
33 45 161 93
33 46 220 45
33 47 209 22
33 48 13 23
33 49 93 26
34 35 81 61
34 36 33 97
34 37 118 100
34 38 102 69
34 39 118 56
34 40 48 60
34 41 111 80
34 42 110 92
34 43 51 3
34 44 36 41
34 45 186 24
34 46 144 52
34 47 167 50
34 48 92 16
34 49 23 79
35 36 87 58
35 37 154 52
35 38 72 97
35 39 184 39
35 40 130 91
35 41 150 90
35 42 177 80
35 43 45 46
35 44 117 92
35 45 251 65
35 46 132 49
35 47 190 49
35 48 174 83
35 49 85 25
36 37 86 55
36 38 82 3
36 39 97 31
36 40 59 89
36 41 79 62
36 42 90 9
36 43 44 53
36 44 41 36
36 45 165 96
36 46 115 73
36 47 134 82
36 48 102 19
36 49 57 80
37 38 102 99
37 39 70 29
37 40 120 73
37 41 8 12
37 42 70 62
37 43 110 95
37 44 107 12
37 45 114 88
37 46 81 76
37 47 50 23
37 48 148 8
37 49 142 39
38 39 155 83
38 40 141 9
38 41 101 25
38 42 150 12
38 43 53 77
38 44 123 78
38 45 213 57
38 46 60 89
38 47 125 65
38 48 185 93
38 49 120 43
39 40 91 67
39 41 64 81
39 42 8 29
39 43 139 52
39 44 87 4
39 45 67 86
39 46 150 63
39 47 109 68
39 48 98 70
39 49 136 29
40 41 111 1
40 42 83 37
40 43 97 7
40 44 17 3
40 45 155 87
40 46 170 70
40 47 171 43
40 48 45 16
40 49 54 60
41 42 63 17
41 43 106 36
41 44 98 58
41 45 112 88
41 46 86 64
41 47 59 64
41 48 140 26
41 49 134 54
42 43 133 22
42 44 79 24
42 45 75 65
42 46 148 65
42 47 112 20
42 48 91 37
42 49 128 10
43 44 81 95
43 45 205 89
43 46 106 9
43 47 150 58
43 48 142 4
43 49 67 32
44 45 154 71
44 46 153 97
44 47 157 76
44 48 61 99
44 49 49 35
45 46 193 52
45 47 128 23
45 48 149 12
45 49 203 17
46 47 79 5
46 48 209 46
46 49 166 81
47 48 197 23
47 49 191 2
48 49 92 32
