40
12
80
5
22
28
7
23
36
5
24
36
13
21
37
0 1 203 55
0 2 75 55
0 3 122 85
0 4 214 66
0 5 101 28
0 6 44 5
0 7 85 85
0 8 151 77
0 9 131 70
0 10 221 57
0 11 134 91
0 12 157 39
0 13 118 68
0 14 189 99
0 15 75 62
0 16 174 13
0 17 72 8
0 18 197 98
0 19 40 66
0 20 198 93
0 21 233 73
0 22 15 61
0 23 69 98
0 24 67 41
0 25 251 35
0 26 80 3
0 27 136 27
0 28 42 13
0 29 174 91
0 30 230 75
0 31 114 48
0 32 128 42
0 33 148 3
0 34 252 20
0 35 215 66
0 36 198 35
0 37 204 66
0 38 173 30
0 39 230 84
1 2 171 25
1 3 83 54
1 4 119 91
1 5 121 89
1 6 191 24
1 7 135 61
1 8 102 19
1 9 114 82
1 10 24 36
1 11 113 83
1 12 55 62
1 13 85 82
1 14 53 66
1 15 128 31
1 16 45 4
1 17 181 59
1 18 201 28
1 19 172 7
1 20 143 65
1 21 42 43
1 22 194 66
1 23 147 18
1 24 149 31
1 25 64 39
1 26 178 39
1 27 144 63
1 28 180 15
1 29 41 10
1 30 99 63
1 31 122 48
1 32 158 4
1 33 88 9
1 34 89 8
1 35 60 45
1 36 139 76
1 37 84 73
1 38 96 17
1 39 33 52
2 3 90 19
2 4 147 79
2 5 116 72
2 6 33 55
2 7 36 59
2 8 161 77
2 9 68 31
2 10 182 71
2 11 72 55
2 12 143 66
2 13 102 31
2 14 178 75
2 15 73 13
2 16 131 51
2 17 10 82
2 18 122 42
2 19 38 76
2 20 126 9
2 21 190 85
2 22 60 80
2 23 97 11
2 24 30 28
2 25 204 62
2 26 9 59
2 27 63 41
2 28 33 11
2 29 133 55
2 30 169 63
2 31 54 47
2 32 53 38
2 33 151 12
2 34 196 88
2 35 163 64
2 36 127 12
2 37 145 77
2 38 111 98
2 39 191 98
3 4 116 68
3 5 69 64
3 6 107 39
3 7 54 41
3 8 91 18
3 9 53 42
3 10 99 79
3 11 54 32
3 12 56 82
3 13 26 93
3 14 90 3
3 15 51 71
3 16 53 43
3 17 100 65
3 18 156 4
3 19 89 6
3 20 118 26
3 21 111 33
3 22 112 89
3 23 80 39
3 24 66 54
3 25 129 53
3 26 98 86
3 27 84 73
3 28 97 99
3 29 52 43
3 30 119 3
3 31 50 38
3 32 93 48
3 33 76 93
3 34 134 15
3 35 96 62
3 36 116 44
3 37 92 31
3 38 72 63
3 39 108 10
4 5 185 10
4 6 179 55
4 7 128 69
4 8 197 32
4 9 83 12
4 10 107 18
4 11 79 92
4 12 147 44
4 13 140 18
4 14 167 59
4 15 160 83
4 16 84 10
4 17 155 12
4 18 98 90
4 19 173 17
4 20 35 32
4 21 99 45
4 22 200 3
4 23 193 36
4 24 147 47
4 25 97 40
4 26 148 84
4 27 86 57
4 28 174 61
4 29 89 76
4 30 34 58
4 31 99 14
4 32 100 37
4 33 180 94
4 34 69 18
4 35 63 56
4 36 30 81
4 37 35 37
4 38 44 46
4 39 109 43
5 6 114 61
5 7 90 25
5 8 50 55
5 9 116 90
5 10 144 56
5 11 118 39
5 12 66 70
5 13 45 52
5 14 92 88
5 15 43 39
5 16 113 99
5 17 123 67
5 18 216 6
5 19 91 100
5 20 186 55
5 21 160 57
5 22 100 79
5 23 32 100
5 24 86 34
5 25 181 81
5 26 126 58
5 27 142 20
5 28 102 35
5 29 110 21
5 30 186 82
5 31 106 94
5 32 145 90
5 33 47 51
5 34 195 69
5 35 157 14
5 36 184 82
5 37 160 8
5 38 141 74
5 39 153 100
6 7 57 89
6 8 163 16
6 9 99 24
6 10 205 85
6 11 102 56
6 12 155 39
6 13 113 3
6 14 190 19
6 15 74 99
6 16 155 45
6 17 28 73
6 18 153 66
6 19 22 34
6 20 159 79
6 21 215 42
6 22 30 23
6 23 87 27
6 24 41 28
6 25 230 1
6 26 36 68
6 27 96 24
6 28 12 71
6 29 156 54
6 30 200 18
6 31 83 7
6 32 86 72
6 33 156 58
6 34 226 40
6 35 191 83
6 36 160 23
6 37 175 46
6 38 142 86
6 39 214 97
7 8 130 33
7 9 45 9
7 10 148 23
7 11 48 87
7 12 108 39
7 13 68 96
7 14 143 54
7 15 48 6
7 16 97 14
7 17 46 61
7 18 130 90
7 19 45 7
7 20 115 29
7 21 157 49
7 22 72 15
7 23 79 89
7 24 18 70
7 25 172 36
7 26 44 91
7 27 57 70
7 28 49 88
7 29 99 45
7 30 145 10
7 31 29 6
7 32 57 64
7 33 119 86
7 34 169 5
7 35 134 28
7 36 115 72
7 37 119 65
7 38 87 91
7 39 157 54
8 9 144 92
8 10 127 32
8 11 145 89
8 12 51 45
8 13 66 40
8 14 56 38
8 15 89 45
8 16 114 40
8 17 169 68
8 18 247 39
8 19 140 60
8 20 207 76
8 21 145 88
8 22 150 5
8 23 82 55
8 24 131 30
8 25 167 82
8 26 171 66
8 27 174 28
8 28 151 82
8 29 110 30
8 30 189 17
8 31 139 80
8 32 181 56
8 33 16 37
8 34 189 3
8 35 154 68
8 36 204 46
8 37 166 27
8 38 157 86
8 39 136 58
9 10 120 45
9 11 3 77
9 12 106 75
9 13 78 80
9 14 138 88
9 15 82 90
9 16 70 73
9 17 78 56
9 18 103 32
9 19 90 51
9 20 73 91
9 21 125 26
9 22 117 2
9 23 116 53
9 24 63 30
9 25 137 89
9 26 72 16
9 27 32 4
9 28 92 12
9 29 73 15
9 30 101 19
9 31 16 68
9 32 44 67
9 33 129 58
9 34 128 67
9 35 96 65
9 36 72 40
9 37 76 55
9 38 43 16
9 39 128 51
10 11 118 10
10 12 80 11
10 13 106 6
10 14 77 23
10 15 147 43
10 16 51 16
10 17 193 74
10 18 196 95
10 19 188 4
10 20 135 36
10 21 18 45
10 22 212 46
10 23 169 32
10 24 163 98
10 25 39 12
10 26 188 65
10 27 148 68
10 28 195 52
10 29 49 77
10 30 82 51
10 31 130 67
10 32 163 63
10 33 113 88
10 34 67 98
10 35 44 52
10 36 131 40
10 37 73 94
10 38 93 42
10 39 9 59
11 12 107 29
11 13 79 21
11 14 138 72
11 15 85 44
11 16 68 62
11 17 81 73
11 18 102 68
11 19 94 4
11 20 70 4
11 21 122 2
11 22 121 11
11 23 119 17
11 24 67 25
11 25 134 53
11 26 75 51
11 27 32 56
11 28 96 31
11 29 71 17
11 30 97 34
11 31 19 32
11 32 45 54
11 33 130 57
11 34 124 54
11 35 93 71
11 36 69 38
11 37 73 77
11 38 39 50
11 39 125 94
12 13 42 31
12 14 35 56
12 15 83 14
12 16 64 30
12 17 153 59
12 18 207 41
12 19 133 4
12 20 161 35
12 21 97 33
12 22 152 28
12 23 95 39
12 24 116 31
12 25 119 1
12 26 152 12
12 27 138 36
12 28 143 72
12 29 59 26
12 30 138 40
12 31 106 59
12 32 149 32
12 33 35 55
12 34 138 8
12 35 103 73
12 36 157 18
12 37 115 59
12 38 110 39
12 39 89 65
13 14 77 43
13 15 42 12
13 16 68 21
13 17 111 47
13 18 181 94
13 19 92 99
13 20 144 16
13 21 120 90
13 22 111 6
13 23 63 38
13 24 74 63
13 25 141 92
13 26 111 67
13 27 108 13
13 28 101 55
13 29 66 99
13 30 140 14
13 31 72 45
13 32 115 21
13 33 52 31
13 34 151 30
13 35 113 84
13 36 142 90
13 37 114 63
13 38 97 82
13 39 115 4
14 15 117 63
14 16 84 44
14 17 188 98
14 18 237 64
14 19 168 3
14 20 185 63
14 21 95 87
14 22 185 57
14 23 124 73
14 24 151 6
14 25 116 39
14 26 187 64
14 27 170 50
14 28 178 97
14 29 79 38
14 30 150 9
14 31 140 12
14 32 182 73
14 33 47 60
14 34 143 4
14 35 112 45
14 36 181 92
14 37 132 1
14 38 135 67
14 39 84 79
15 16 104 13
15 17 80 32
15 18 177 73
15 19 52 33
15 20 155 56
15 21 160 3
15 22 68 2
15 23 34 94
15 24 43 89
15 25 179 83
15 26 82 5
15 27 103 43
15 28 62 9
15 29 102 6
15 30 168 89
15 31 69 41
15 32 105 44
15 33 81 19
15 34 185 47
15 35 147 100
15 36 154 43
15 37 141 96
15 38 116 64
15 39 156 50
16 17 141 23
16 18 156 39
16 19 139 25
16 20 101 34
16 21 59 93
16 22 164 38
16 23 131 10
16 24 114 88
16 25 76 10
16 26 137 25
16 27 99 56
16 28 146 73
16 29 5 15
16 30 75 47
16 31 79 42
16 32 113 31
16 33 98 20
16 34 82 56
16 35 44 2
16 36 97 33
16 37 51 70
16 38 52 27
16 39 59 63
17 18 125 82
17 19 38 55
17 20 133 23
17 21 200 72
17 22 57 70
17 23 102 50
17 24 38 21
17 25 214 19
17 26 8 10
17 27 70 15
17 28 31 52
17 29 143 83
17 30 178 55
17 31 64 62
17 32 59 67
17 33 160 86
17 34 206 88
17 35 174 85
17 36 134 50
17 37 154 82
17 38 120 94
17 39 201 87
18 19 160 51
18 20 63 58
18 21 193 48
18 22 182 10
18 23 209 14
18 24 142 26
18 25 194 58
18 26 117 59
18 27 74 39
18 28 155 23
18 29 161 56
18 30 132 29
18 31 110 41
18 32 73 3
18 33 232 61
18 34 167 13
18 35 156 42
18 36 68 5
18 37 125 80
18 38 105 94
18 39 201 45
19 20 157 79
19 21 199 76
19 22 26 93
19 23 66 21
19 24 27 84
19 25 216 33
19 26 45 39
19 27 95 2
19 28 10 17
19 29 140 26
19 30 190 56
19 31 74 28
19 32 89 67
19 33 133 27
19 34 214 48
19 35 178 92
19 36 158 74
19 37 164 51
19 38 133 41
19 39 197 23
20 21 130 27
20 22 183 11
20 23 189 6
20 24 132 94
20 25 131 63
20 26 125 73
20 27 63 21
20 28 156 50
20 29 106 26
20 30 69 71
20 31 87 60
20 32 74 7
20 33 190 35
20 34 104 11
20 35 93 81
20 36 5 72
20 37 63 74
20 38 50 52
20 39 139 64
21 22 223 100
21 23 184 33
21 24 173 6
21 25 21 19
21 26 196 71
21 27 150 94
21 28 205 2
21 29 59 43
21 30 70 55
21 31 136 75
21 32 165 92
21 33 131 29
21 34 50 81
21 35 37 96
21 36 125 40
21 37 67 23
21 38 93 65
21 39 12 68
22 23 69 16
22 24 53 79
22 25 241 38
22 26 65 11
22 27 121 15
22 28 27 45
22 29 164 97
22 30 217 68
22 31 101 4
22 32 113 98
22 33 146 47
22 34 240 86
22 35 204 65
22 36 184 99
22 37 191 82
22 38 160 26
22 39 221 97
23 24 69 31
23 25 204 48
23 26 106 51
23 27 136 23
23 28 76 55
23 29 129 55
23 30 200 46
23 31 103 74
23 32 136 76
23 33 80 45
23 34 214 76
23 35 175 5
23 36 188 27
23 37 173 39
23 38 149 60
23 39 179 27
24 25 189 95
24 26 39 80
24 27 73 3
24 28 31 60
24 29 114 19
24 30 163 8
24 31 47 60
24 32 69 54
24 33 121 92
24 34 187 3
24 35 151 47
24 36 133 98
24 37 137 49
24 38 106 47
24 39 173 77
25 26 209 90
25 27 159 63
25 28 221 52
25 29 77 81
25 30 65 69
25 31 150 32
25 32 175 94
25 33 152 72
25 34 36 65
25 35 41 79
25 36 125 63
25 37 70 37
25 38 100 7
25 39 32 54
26 27 62 12
26 28 38 79
26 29 139 12
26 30 171 12
26 31 59 64
26 32 51 34
26 33 161 78
26 34 200 73
26 35 168 3
26 36 127 77
26 37 148 62
26 38 114 72
26 39 197 92
27 28 94 32
27 29 102 86
27 30 112 55
27 31 36 28
27 32 15 13
27 33 160 23
27 34 144 100
27 35 117 52
27 36 64 12
27 37 92 1
27 38 59 68
27 39 155 90
28 29 146 27
28 30 193 31
28 31 76 24
28 32 85 7
28 33 143 54
28 34 218 82
28 35 183 15
28 36 157 21
28 37 168 28
28 38 135 98
28 39 204 47
29 30 79 34
29 31 81 16
29 32 116 64
29 33 93 19
29 34 85 60
29 35 47 40
29 36 102 53
29 37 56 79
29 38 56 82
29 39 58 19
30 31 117 92
30 32 128 35
30 33 172 20
30 34 35 51
30 35 38 25
30 36 64 29
30 37 26 85
30 38 58 20
30 39 82 39
31 32 43 28
31 33 125 73
31 34 142 33
31 35 109 89
31 36 86 65
31 37 91 8
31 38 59 63
31 39 138 52
32 33 168 8
32 34 159 83
32 35 133 91
32 36 77 31
32 37 108 95
32 38 75 38
32 39 170 54
33 34 173 25
33 35 138 89
33 36 187 88
33 37 149 74
33 38 141 56
33 39 122 6
34 35 38 71
34 36 99 18
34 37 51 61
34 38 86 28
34 39 62 25
35 36 88 86
35 37 30 3
35 38 58 38
35 39 46 99
36 37 58 27
36 38 47 89
36 39 134 100
37 38 34 30
37 39 76 59
38 39 98 75
