65
19
80
3
15
23
30
5
16
63
3
54
59
0 1 80 89
0 2 208 93
0 3 217 84
0 4 289 61
0 5 133 39
0 6 131 46
0 7 190 92
0 8 174 25
0 9 109 79
0 10 178 45
0 11 95 81
0 12 302 19
0 13 232 85
0 14 99 79
0 15 91 40
0 16 169 19
0 17 46 1
0 18 183 92
0 19 231 28
0 20 49 86
0 21 27 92
0 22 251 90
0 23 199 37
0 24 232 96
0 25 241 20
0 26 182 34
0 27 146 71
0 28 135 35
0 29 92 18
0 30 264 54
0 31 89 56
0 32 123 56
0 33 231 3
0 34 148 19
0 35 70 22
0 36 183 43
0 37 228 33
0 38 137 61
0 39 160 10
0 40 173 42
0 41 129 95
0 42 67 41
0 43 123 92
0 44 230 94
0 45 226 28
0 46 212 64
0 47 118 64
0 48 81 46
0 49 191 29
0 50 270 91
0 51 270 33
0 52 150 72
0 53 290 61
0 54 158 67
0 55 226 35
0 56 175 19
0 57 60 26
0 58 176 80
0 59 155 78
0 60 193 57
0 61 86 45
0 62 245 5
0 63 278 5
0 64 133 99
1 2 157 5
1 3 248 52
1 4 249 56
1 5 161 41
1 6 108 26
1 7 217 62
1 8 126 88
1 9 78 50
1 10 116 54
1 11 143 55
1 12 292 74
1 13 170 87
1 14 136 11
1 15 154 79
1 16 152 6
1 17 115 92
1 18 112 54
1 19 244 50
1 20 31 95
1 21 106 40
1 22 247 22
1 23 120 76
1 24 221 28
1 25 259 69
1 26 204 15
1 27 69 47
1 28 150 77
1 29 164 19
1 30 218 87
1 31 160 67
1 32 155 40
1 33 249 35
1 34 143 98
1 35 133 85
1 36 227 39
1 37 213 49
1 38 171 10
1 39 127 14
1 40 98 75
1 41 51 97
1 42 130 96
1 43 190 65
1 44 155 89
1 45 244 64
1 46 229 30
1 47 38 87
1 48 112 16
1 49 177 79
1 50 195 26
1 51 248 12
1 52 136 62
1 53 247 94
1 54 89 96
1 55 190 88
1 56 119 89
1 57 81 96
1 58 96 47
1 59 198 14
1 60 151 63
1 61 45 58
1 62 175 19
1 63 275 5
1 64 194 2
2 3 215 88
2 4 93 72
2 5 165 71
2 6 85 48
2 7 188 89
2 8 33 82
2 9 99 32
2 10 48 82
2 11 191 24
2 12 171 5
2 13 44 97
2 14 173 71
2 15 220 26
2 16 80 92
2 17 210 83
2 18 75 86
2 19 177 99
2 20 172 63
2 21 233 30
2 22 147 48
2 23 114 36
2 24 117 28
2 25 198 48
2 26 171 52
2 27 111 38
2 28 139 78
2 29 243 51
2 30 60 42
2 31 241 25
2 32 170 76
2 33 190 43
2 34 104 92
2 35 209 12
2 36 226 69
2 37 105 88
2 38 179 5
2 39 56 39
2 40 96 62
2 41 123 86
2 42 209 50
2 43 250 40
2 44 96 68
2 45 187 71
2 46 176 55
2 47 140 41
2 48 267 68
2 49 90 56
2 50 116 55
2 51 114 15
2 52 89 69
2 53 89 26
2 54 79 6
2 55 48 37
2 56 39 97
2 57 156 59
2 58 138 22
2 59 210 91
2 60 23 81
2 61 124 73
2 62 79 38
2 63 169 64
2 64 241 97
3 4 222 61
3 5 88 22
3 6 161 44
3 7 31 40
3 8 201 30
3 9 182 64
3 10 234 27
3 11 123 7
3 12 149 65
3 13 259 74
3 14 119 87
3 15 140 45
3 16 136 4
3 17 176 12
3 18 263 44
3 19 54 24
3 20 231 78
3 21 222 57
3 22 106 11
3 23 303 36
3 24 119 51
3 25 42 74
3 26 47 22
3 27 265 21
3 28 99 18
3 29 159 79
3 30 226 19
3 31 160 11
3 32 96 83
3 33 40 38
3 34 121 56
3 35 154 10
3 36 47 81
3 37 127 90
3 38 80 55
3 39 170 100
3 40 274 76
3 41 261 81
3 42 157 92
3 43 134 87
3 44 303 26
3 45 38 62
3 46 42 43
3 47 267 26
3 48 298 74
3 49 125 53
3 50 330 84
3 51 163 92
3 52 136 97
3 53 233 96
3 54 247 44
3 55 184 4
3 56 220 94
3 57 170 72
3 58 307 94
3 59 68 14
3 60 192 68
3 61 206 63
3 62 294 14
3 63 117 84
3 64 114 54
4 5 209 41
4 6 157 51
4 7 205 54
4 8 122 62
4 9 181 90
4 10 141 38
4 11 247 81
4 12 113 37
4 13 109 48
4 14 229 94
4 15 278 65
4 16 126 2
4 17 280 28
4 18 165 91
4 19 170 24
4 20 259 79
4 21 312 28
4 22 121 64
4 23 199 36
4 24 103 24
4 25 190 50
4 26 191 76
4 27 205 79
4 28 185 33
4 29 303 80
4 30 36 93
4 31 301 17
4 32 218 24
4 33 186 93
4 34 153 81
4 35 273 42
4 36 250 8
4 37 95 84
4 38 220 45
4 39 128 13
4 40 187 90
4 41 217 31
4 42 274 24
4 43 301 88
4 44 168 31
4 45 185 33
4 46 180 94
4 47 234 86
4 48 356 82
4 49 114 14
4 50 169 80
4 51 63 56
4 52 144 91
4 53 13 89
4 54 172 68
4 55 62 46
4 56 133 60
4 57 231 28
4 58 228 56
4 59 245 90
4 60 98 89
4 61 211 21
4 62 140 23
4 63 128 18
4 64 287 76
5 6 89 64
5 7 58 16
5 8 140 53
5 9 102 67
5 10 169 62
5 11 46 62
5 12 183 24
5 13 207 63
5 14 34 89
5 15 75 23
5 16 88 60
5 17 97 73
5 18 194 58
5 19 100 100
5 20 143 91
5 21 142 12
5 22 130 16
5 23 230 13
5 24 120 42
5 25 108 66
5 26 49 68
5 27 186 21
5 28 26 4
5 29 99 35
5 30 198 33
5 31 98 2
5 32 11 80
5 33 98 17
5 34 61 7
5 35 79 88
5 36 69 95
5 37 121 95
5 38 14 69
5 39 110 68
5 40 200 38
5 41 179 32
5 42 81 33
5 43 92 54
5 44 239 35
5 45 93 39
5 46 79 40
5 47 182 89
5 48 214 94
5 49 95 12
5 50 271 84
5 51 167 76
5 52 75 69
5 53 216 19
5 54 173 63
5 55 152 49
5 56 156 79
5 57 82 34
5 58 228 29
5 59 46 78
5 60 142 69
5 61 121 42
5 62 237 81
5 63 154 80
5 64 78 27
6 7 129 72
6 8 55 84
6 9 29 39
6 10 80 74
6 11 106 93
6 12 184 7
6 13 122 94
6 14 89 65
6 15 135 4
6 16 44 88
6 17 125 11
6 18 105 100
6 19 143 77
6 20 108 45
6 21 154 38
6 22 139 56
6 23 143 8
6 24 113 61
6 25 161 59
6 26 113 33
6 27 105 95
6 28 65 68
6 29 157 54
6 30 134 21
6 31 155 76
6 32 91 56
6 33 151 31
6 34 40 7
6 35 124 79
6 36 157 71
6 37 105 3
6 38 103 15
6 39 30 82
6 40 113 26
6 41 104 41
6 42 124 80
6 43 166 38
6 44 149 81
6 45 146 45
6 46 131 67
6 47 113 5
6 48 202 12
6 49 69 67
6 50 183 49
6 51 142 74
6 52 29 63
6 53 160 28
6 54 86 16
6 55 94 54
6 56 68 81
6 57 73 18
6 58 146 16
6 59 135 82
6 60 66 91
6 61 63 26
6 62 149 73
6 63 167 63
6 64 158 40
7 8 172 86
7 9 151 63
7 10 204 61
7 11 98 15
7 12 148 2
7 13 232 92
7 14 91 32
7 15 119 85
7 16 108 56
7 17 151 60
7 18 233 91
7 19 52 17
7 20 200 44
7 21 197 87
7 22 98 36
7 23 272 4
7 24 103 35
7 25 53 77
7 26 17 41
7 27 234 17
7 28 68 74
7 29 140 40
7 30 205 55
7 31 141 99
7 32 67 75
7 33 45 68
7 34 90 52
7 35 130 98
7 36 46 94
7 37 109 33
7 38 53 45
7 39 141 30
7 40 243 61
7 41 230 7
7 42 133 79
7 43 121 16
7 44 274 8
7 45 40 24
7 46 31 100
7 47 235 79
7 48 271 1
7 49 100 51
7 50 302 20
7 51 150 39
7 52 106 99
7 53 215 59
7 54 216 99
7 55 160 93
7 56 191 66
7 57 140 81
7 58 275 98
7 59 52 88
7 60 164 26
7 61 175 21
7 62 266 50
7 63 116 81
7 64 102 34
8 9 65 59
8 10 35 77
8 11 161 32
8 12 182 5
8 13 67 20
8 14 144 49
8 15 190 58
8 16 64 76
8 17 177 98
8 18 66 18
8 19 170 34
8 20 139 10
8 21 199 62
8 22 150 6
8 23 107 26
8 24 120 46
8 25 191 96
8 26 155 61
8 27 89 93
8 28 115 14
8 29 212 64
8 30 92 54
8 31 209 19
8 32 144 17
8 33 182 41
8 34 82 61
8 35 178 17
8 36 205 2
8 37 109 44
8 38 155 89
8 39 31 48
8 40 83 42
8 41 98 21
8 42 177 29
8 43 221 29
8 44 102 92
8 45 178 90
8 46 165 77
8 47 113 60
8 48 235 78
8 49 82 68
8 50 131 10
8 51 130 44
8 52 67 32
8 53 120 9
8 54 59 39
8 55 66 11
8 56 20 89
8 57 123 91
8 58 123 88
8 59 187 46
8 60 26 14
8 61 90 10
8 62 96 94
8 63 175 53
8 64 213 54
9 10 78 41
9 11 107 68
9 12 214 69
9 13 128 70
9 14 92 41
9 15 131 59
9 16 74 55
9 17 112 38
9 18 96 79
9 19 170 98
9 20 79 13
9 21 134 58
9 22 169 59
9 23 128 95
9 24 143 37
9 25 187 10
9 26 135 62
9 27 84 64
9 28 83 36
9 29 151 59
9 30 155 60
9 31 148 70
9 32 101 75
9 33 177 52
9 34 67 91
9 35 117 56
9 36 172 36
9 37 135 55
9 38 115 11
9 39 53 15
9 40 98 27
9 41 79 97
9 42 116 96
9 43 165 27
9 44 143 34
9 45 172 99
9 46 157 20
9 47 86 37
9 48 175 59
9 49 99 6
9 50 180 5
9 51 171 82
9 52 58 11
9 53 182 45
9 54 72 45
9 55 119 92
9 56 70 23
9 57 58 79
9 58 125 50
9 59 147 65
9 60 84 54
9 61 33 90
9 62 149 6
9 63 197 89
9 64 162 56
10 11 183 1
10 12 214 62
10 13 54 6
10 14 167 51
10 15 209 79
10 16 99 11
10 17 189 22
10 18 31 88
10 19 205 56
10 20 136 88
10 21 205 69
10 22 184 55
10 23 72 21
10 24 154 37
10 25 226 55
10 26 188 79
10 27 63 56
10 28 144 81
10 29 229 13
10 30 106 86
10 31 227 68
10 32 171 49
10 33 217 11
10 34 114 80
10 35 195 78
10 36 236 46
10 37 143 49
10 38 183 36
10 39 64 31
10 40 49 63
10 41 76 87
10 42 194 16
10 43 242 28
10 44 70 7
10 45 213 8
10 46 200 92
10 47 94 61
10 48 228 3
10 49 117 12
10 50 103 52
10 51 160 68
10 52 99 24
10 53 136 38
10 54 31 77
10 55 93 80
10 56 14 47
10 57 135 49
10 58 91 48
10 59 215 4
10 60 56 14
10 61 92 4
10 62 71 21
10 63 209 95
10 64 237 77
11 12 229 22
11 13 229 14
11 14 18 5
11 15 31 23
11 16 122 56
11 17 53 60
11 18 203 72
11 19 145 87
11 20 118 33
11 21 99 90
11 22 176 52
11 23 234 54
11 24 165 24
11 25 150 88
11 26 93 75
11 27 184 18
11 28 63 88
11 29 55 20
11 30 233 94
11 31 54 41
11 32 35 55
11 33 142 100
11 34 94 48
11 35 33 83
11 36 89 59
11 37 165 88
11 38 45 74
11 39 134 53
11 40 204 12
11 41 174 17
11 42 35 42
11 43 59 65
11 44 250 20
11 45 136 30
11 46 124 11
11 47 172 49
11 48 174 99
11 49 134 58
11 50 287 58
11 51 210 64
11 52 105 76
11 53 253 23
11 54 179 56
11 55 188 69
11 56 173 71
11 57 61 10
11 58 224 49
11 59 60 95
11 60 169 95
11 61 113 24
11 62 254 55
11 63 201 28
11 64 55 2
12 13 205 31
12 14 215 77
12 15 257 5
12 16 140 8
12 17 277 47
12 18 245 18
12 19 96 75
12 20 291 85
12 21 319 40
12 22 52 12
12 23 285 10
12 24 71 71
12 25 108 73
12 26 142 21
12 27 272 63
12 28 169 40
12 29 281 14
12 30 139 25
12 31 281 51
12 32 194 25
12 33 109 83
12 34 155 15
12 35 261 75
12 36 191 98
12 37 78 10
12 38 187 36
12 39 168 83
12 40 264 99
12 41 278 69
12 42 263 98
12 43 267 4
12 44 264 81
12 45 112 83
12 46 116 88
12 47 292 29
12 48 381 15
12 49 115 8
12 50 274 39
12 51 57 16
12 52 157 38
12 53 127 8
12 54 242 21
12 55 123 20
12 56 201 78
12 57 242 74
12 58 306 29
12 59 199 77
12 60 158 54
12 61 247 21
12 62 241 73
12 63 32 72
12 64 248 89
13 14 212 24
13 15 257 83
13 16 124 41
13 17 241 84
13 18 64 32
13 19 221 15
13 20 190 63
13 21 259 69
13 22 188 98
13 23 91 82
13 24 158 32
13 25 242 5
13 26 215 23
13 27 109 42
13 28 181 22
13 29 279 49
13 30 73 83
13 31 276 7
13 32 212 85
13 33 234 72
13 34 147 35
13 35 244 36
13 36 270 35
13 37 147 28
13 38 221 52
13 39 97 74
13 40 85 94
13 41 125 39
13 42 244 1
13 43 288 38
13 44 60 68
13 45 232 19
13 46 220 64
13 47 144 45
13 48 282 66
13 49 134 12
13 50 72 5
13 51 147 48
13 52 132 92
13 53 100 21
13 54 81 36
13 55 85 28
13 56 58 8
13 57 187 58
13 58 123 16
13 59 253 20
13 60 67 22
13 61 146 15
13 62 36 63
13 63 207 82
13 64 281 100
14 15 49 72
14 16 104 25
14 17 63 96
14 18 188 24
14 19 134 66
14 20 114 15
14 21 107 84
14 22 162 67
14 23 220 45
14 24 149 72
14 25 142 27
14 26 84 14
14 27 172 35
14 28 47 34
14 29 73 91
14 30 215 61
14 31 72 48
14 32 24 49
14 33 133 37
14 34 76 36
14 35 47 24
14 36 91 51
14 37 148 10
14 38 38 36
14 39 116 36
14 40 190 39
14 41 162 65
14 42 48 63
14 43 76 93
14 44 235 52
14 45 128 76
14 46 114 15
14 47 162 8
14 48 180 75
14 49 117 38
14 50 270 10
14 51 194 66
14 52 87 34
14 53 235 24
14 54 165 53
14 55 170 20
14 56 156 80
14 57 54 100
14 58 213 7
14 59 62 54
14 60 151 72
14 61 102 91
14 62 237 98
14 63 187 48
14 64 70 39
15 16 153 31
15 17 44 83
15 18 227 79
15 19 169 17
15 20 126 50
15 21 86 33
15 22 205 48
15 23 255 44
15 24 195 91
15 25 172 80
15 26 118 72
15 27 204 72
15 28 94 6
15 29 24 8
15 30 264 27
15 31 23 29
15 32 64 42
15 33 164 25
15 34 125 93
15 35 21 35
15 36 99 46
15 37 195 22
15 38 70 89
15 39 164 32
15 40 225 23
15 41 191 56
15 42 24 72
15 43 36 55
15 44 275 71
15 45 159 4
15 46 148 92
15 47 187 95
15 48 164 74
15 49 166 89
15 50 312 95
15 51 241 1
15 52 136 36
15 53 284 70
15 54 202 33
15 55 219 48
15 56 200 68
15 57 78 64
15 58 242 44
15 59 72 61
15 60 199 7
15 61 132 95
15 62 281 55
15 63 228 76
15 64 42 69
16 17 155 28
16 18 129 58
16 19 107 41
16 20 151 91
16 21 190 26
16 22 96 98
16 23 170 35
16 24 69 44
16 25 127 45
16 26 91 93
16 27 142 62
16 28 62 11
16 29 177 68
16 30 111 3
16 31 175 68
16 32 95 8
16 33 117 52
16 34 28 52
16 35 147 58
16 36 145 42
16 37 61 16
16 38 101 65
16 39 36 48
16 40 143 63
16 41 143 81
16 42 148 74
16 43 177 64
16 44 167 10
16 45 114 31
16 46 100 91
16 47 155 29
16 48 244 81
16 49 25 25
16 50 194 12
16 51 100 61
16 52 19 20
16 53 131 73
16 54 116 66
16 55 66 49
16 56 85 83
16 57 109 47
16 58 181 51
16 59 131 70
16 60 57 7
16 61 107 95
16 62 157 20
16 63 123 71
16 64 166 90
17 18 202 22
17 19 197 13
17 20 85 5
17 21 46 75
17 22 224 74
17 23 225 63
17 24 209 38
17 25 204 8
17 26 146 65
17 27 172 73
17 28 107 37
17 29 49 78
17 30 260 21
17 31 45 55
17 32 86 66
17 33 195 27
17 34 129 8
17 35 24 68
17 36 139 11
17 37 207 21
17 38 98 97
17 39 156 67
17 40 197 69
17 41 158 58
17 42 21 68
17 43 77 76
17 44 250 55
17 45 189 89
17 46 177 40
17 47 150 1
17 48 122 6
17 49 173 5
17 50 289 24
17 51 252 24
17 52 135 51
17 53 284 80
17 54 177 30
17 55 218 8
17 56 183 50
17 57 54 85
17 58 208 29
17 59 111 11
17 60 191 58
17 61 102 10
17 62 260 20
17 63 250 34
17 64 86 86
18 19 236 36
18 20 137 5
18 21 210 65
18 22 215 95
18 23 41 42
18 24 185 40
18 25 256 9
18 26 216 60
18 27 46 63
18 28 171 19
18 29 245 11
18 30 129 16
18 31 242 57
18 32 195 100
18 33 247 59
18 34 142 29
18 35 210 40
18 36 262 39
18 37 174 68
18 38 208 66
18 39 93 59
18 40 22 52
18 41 63 92
18 42 209 26
18 43 261 99
18 44 48 26
18 45 243 96
18 46 230 14
18 47 81 38
18 48 223 62
18 49 148 38
18 50 87 53
18 51 189 65
18 52 127 31
18 53 158 95
18 54 25 4
18 55 122 96
18 56 45 30
18 57 149 14
18 58 63 42
18 59 240 24
18 60 87 14
18 61 100 70
18 62 63 87
18 63 240 56
18 64 258 99
19 20 233 54
19 21 242 100
19 22 52 30
19 23 277 93
19 24 68 2
19 25 21 74
19 26 51 91
19 27 247 41
19 28 97 45
19 29 192 13
19 30 178 46
19 31 192 66
19 32 111 64
19 33 15 14
19 34 103 48
19 35 178 83
19 36 95 50
19 37 78 51
19 38 100 14
19 39 143 42
19 40 250 60
19 41 247 41
19 42 180 83
19 43 173 90
19 44 271 33
19 45 16 2
19 46 21 99
19 47 256 23
19 48 313 40
19 49 88 47
19 50 293 12
19 51 110 94
19 52 114 10
19 53 182 63
19 54 223 18
19 55 139 63
19 56 191 21
19 57 175 74
19 58 287 78
19 59 105 40
19 60 156 87
19 61 199 94
19 62 257 55
19 63 64 11
19 64 154 52
20 21 76 56
20 22 243 40
20 23 150 15
20 24 219 19
20 25 246 35
20 26 189 21
20 27 97 8
20 28 136 45
20 29 134 47
20 30 231 32
20 31 130 42
20 32 136 78
20 33 237 90
20 34 137 55
20 35 104 41
20 36 205 90
20 37 213 72
20 38 152 37
20 39 132 55
20 40 125 28
20 41 80 63
20 42 102 20
20 43 161 51
20 44 182 14
20 45 231 42
20 46 216 44
20 47 68 47
20 48 96 87
20 49 176 85
20 50 222 51
20 51 251 9
20 52 133 30
20 53 259 73
20 54 113 62
20 55 198 51
20 56 135 80
20 57 61 31
20 58 127 87
20 59 176 45
20 60 162 80
20 61 48 63
20 62 200 48
20 63 271 97
20 64 167 42
21 22 267 92
21 23 226 77
21 24 250 35
21 25 250 75
21 26 191 48
21 27 173 66
21 28 149 83
21 29 80 100
21 30 288 28
21 31 77 74
21 32 131 13
21 33 240 98
21 34 167 33
21 35 68 82
21 36 184 21
21 37 246 13
21 38 144 33
21 39 184 97
21 40 201 69
21 41 156 77
21 42 66 23
21 43 113 41
21 44 257 64
21 45 235 45
21 46 222 73
21 47 144 71
21 48 77 76
21 49 211 48
21 50 297 6
21 51 290 85
21 52 170 31
21 53 314 1
21 54 186 75
21 55 249 96
21 56 201 59
21 57 81 39
21 58 202 33
21 59 156 28
21 60 218 16
21 61 113 83
21 62 272 86
21 63 293 52
21 64 127 53
22 23 257 14
22 24 30 88
22 25 69 79
22 26 90 5
22 27 236 35
22 28 117 99
22 29 229 6
22 30 134 18
22 31 228 12
22 32 141 45
22 33 67 82
22 34 106 8
22 35 209 58
22 36 144 65
22 37 41 7
22 38 135 31
22 39 128 43
22 40 233 40
22 41 239 16
22 42 211 77
22 43 215 94
22 44 243 81
22 45 68 66
22 46 68 89
22 47 251 75
22 48 331 82
22 49 71 25
22 50 260 69
22 51 59 64
22 52 111 64
22 53 134 10
22 54 208 29
22 55 102 12
22 56 170 79
22 57 191 6
22 58 273 23
22 59 148 43
22 60 129 34
22 61 202 67
22 62 224 9
22 63 27 72
22 64 197 99
23 24 227 10
23 25 297 44
23 26 256 9
23 27 53 13
23 28 208 57
23 29 271 29
23 30 163 70
23 31 268 26
23 32 230 69
23 33 288 21
23 34 182 71
23 35 237 51
23 36 299 73
23 37 215 72
23 38 244 78
23 39 134 47
23 40 30 10
23 41 69 72
23 42 235 36
23 43 291 51
23 44 42 100
23 45 284 20
23 46 270 8
23 47 83 60
23 48 225 24
23 49 190 33
23 50 78 78
23 51 229 83
23 52 167 14
23 53 191 84
23 54 57 30
23 55 162 23
23 56 87 90
23 57 176 28
23 58 36 37
23 59 276 17
23 60 128 83
23 61 123 25
23 62 73 17
23 63 281 44
23 64 289 91
24 25 89 99
24 26 91 32
24 27 206 93
24 28 102 93
24 29 220 14
24 30 110 54
24 31 219 20
24 32 131 31
24 33 84 29
24 34 84 26
24 35 196 3
24 36 149 62
24 37 11 73
24 38 128 100
24 39 100 52
24 40 203 44
24 41 210 46
24 42 198 21
24 43 210 26
24 44 213 57
24 45 83 10
24 46 77 63
24 47 223 87
24 48 310 99
24 49 44 16
24 50 231 83
24 51 48 23
24 52 86 7
24 53 114 74
24 54 178 10
24 55 73 18
24 56 140 23
24 57 171 62
24 58 243 70
24 59 148 37
24 60 99 82
24 61 176 86
24 62 195 99
24 63 55 75
24 64 194 16
25 26 58 21
25 27 266 93
25 28 110 73
25 29 193 86
25 30 199 86
25 31 194 77
25 32 118 49
25 33 10 43
25 34 120 85
25 35 183 33
25 36 88 11
25 37 99 96
25 38 105 96
25 39 163 42
25 40 270 15
25 41 265 56
25 42 186 79
25 43 172 7
25 44 292 87
25 45 15 44
25 46 30 21
25 47 273 97
25 48 322 46
25 49 109 86
25 50 314 8
25 51 128 5
25 52 132 9
25 53 202 6
25 54 243 80
25 55 160 39
25 56 211 3
25 57 187 22
25 58 306 82
25 59 103 94
25 60 177 25
25 61 215 96
25 62 278 75
25 63 76 80
25 64 152 37
26 27 218 35
26 28 54 59
26 29 141 55
26 30 189 73
26 31 141 69
26 32 60 23
26 33 49 37
26 34 74 91
26 35 126 97
26 36 59 67
26 37 96 43
26 38 48 95
26 39 124 37
26 40 226 47
26 41 214 100
26 42 129 32
26 43 125 80
26 44 257 16
26 45 43 3
26 46 30 82
26 47 221 49
26 48 263 50
26 49 84 72
26 50 285 42
26 51 139 99
26 52 89 76
26 53 200 86
26 54 199 83
26 55 144 58
26 56 174 92
26 57 129 50
26 58 259 33
26 59 58 51
26 60 147 44
26 61 161 60
26 62 249 57
26 63 111 75
26 64 106 12
27 28 167 31
27 29 219 69
27 30 170 59
27 31 216 75
27 32 184 47
27 33 256 49
27 34 146 10
27 35 185 79
27 36 256 88
27 37 196 34
27 38 199 31
27 39 107 3
27 40 29 85
27 41 18 53
27 42 183 74
27 43 240 37
27 44 86 21
27 45 251 83
27 46 237 83
27 47 35 90
27 48 178 79
27 49 165 7
27 50 126 78
27 51 220 26
27 52 133 65
27 53 200 15
27 54 32 65
27 55 154 84
27 56 73 73
27 57 125 82
27 58 41 11
27 59 231 85
27 60 115 6
27 61 72 95
27 62 108 22
27 63 262 23
27 64 239 16
28 29 119 77
28 30 173 12
28 31 118 6
28 32 33 9
28 33 100 48
28 34 35 22
28 35 93 86
28 36 91 10
28 37 101 43
28 38 39 94
28 39 84 57
28 40 178 8
28 41 162 89
28 42 95 98
28 43 116 19
28 44 215 21
28 45 94 17
28 46 80 42
28 47 167 99
28 48 216 34
28 49 71 84
28 50 246 81
28 51 147 90
28 52 49 84
28 53 192 34
28 54 151 35
28 55 127 14
28 56 132 99
28 57 78 95
28 58 208 51
28 59 71 66
28 60 116 16
28 61 107 100
28 62 211 73
28 63 143 98
28 64 103 64
29 30 288 57
29 31 3 28
29 32 88 63
29 33 186 88
29 34 149 87
29 35 34 23
29 36 114 27
29 37 220 23
29 38 93 87
29 39 187 31
29 40 242 56
29 41 205 91
29 42 36 20
29 43 33 15
29 44 293 35
29 45 181 67
29 46 170 26
29 47 199 8
29 48 157 23
29 49 190 12
29 50 331 3
29 51 266 69
29 52 160 43
29 53 309 35
29 54 220 1
29 55 243 79
29 56 221 44
29 57 95 90
29 58 256 86
29 59 90 44
29 60 222 12
29 61 147 4
29 62 301 88
29 63 251 46
29 64 49 20
30 31 286 66
30 32 206 26
30 33 194 56
30 34 139 16
30 35 256 43
30 36 248 35
30 37 100 46
30 38 211 2
30 39 104 11
30 40 151 42
30 41 183 68
30 42 256 32
30 43 289 60
30 44 133 40
30 45 192 16
30 46 184 54
30 47 200 60
30 48 327 14
30 49 106 20
30 50 136 98
30 51 83 86
30 52 128 11
30 53 29 77
30 54 138 67
30 55 46 4
30 56 99 97
30 57 208 1
30 58 192 49
30 59 239 36
30 60 70 95
30 61 182 16
30 62 105 9
30 63 148 33
30 64 277 24
31 32 87 22
31 33 186 7
31 34 148 92
31 35 31 96
31 36 116 43
31 37 219 23
31 38 93 64
31 39 184 27
31 40 239 10
31 41 202 7
31 42 33 53
31 43 36 3
31 44 290 69
31 45 181 31
31 46 171 97
31 47 195 83
31 48 154 51
31 49 189 3
31 50 328 87
31 51 265 36
31 52 158 77
31 53 307 41
31 54 217 52
31 55 241 4
31 56 219 21
31 57 92 18
31 58 252 37
31 59 92 23
31 60 220 42
31 61 144 57
31 62 298 27
31 63 251 25
31 64 51 80
32 33 109 52
32 34 67 78
32 35 68 54
32 36 72 69
32 37 132 39
32 38 16 7
32 39 114 39
32 40 199 26
32 41 177 27
32 42 70 80
32 43 83 32
32 44 241 73
32 45 103 74
32 46 90 5
32 47 179 82
32 48 204 46
32 49 104 41
32 50 274 52
32 51 177 8
32 52 81 37
32 53 225 30
32 54 173 22
32 55 160 71
32 56 159 53
32 57 75 81
32 58 226 86
32 59 46 72
32 60 148 99
32 61 117 25
32 62 240 35
32 63 166 56
32 64 70 16
33 34 110 46
33 35 175 23
33 36 83 47
33 37 93 26
33 38 96 39
33 39 154 14
33 40 260 8
33 41 255 75
33 42 177 63
33 43 165 62
33 44 283 56
33 45 5 47
33 46 20 27
33 47 263 67
33 48 313 25
33 49 101 58
33 50 307 38
33 51 125 1
33 52 123 19
33 53 198 100
33 54 233 98
33 55 154 90
33 56 202 62
33 57 177 33
33 58 296 13
33 59 96 25
33 60 168 34
33 61 205 88
33 62 270 78
33 63 77 96
33 64 146 70
34 35 120 65
34 36 123 15
34 37 79 86
34 38 74 98
34 39 51 88
34 40 152 76
34 41 144 26
34 42 121 78
34 43 149 51
34 44 184 77
34 45 105 18
34 46 91 96
34 47 153 81
34 48 226 53
34 49 43 79
34 50 214 49
34 51 122 41
34 52 15 98
34 53 159 1
34 54 125 89
34 55 94 67
34 56 100 74
34 57 87 36
34 58 187 55
34 59 105 32
34 60 81 49
34 61 97 82
34 62 178 72
34 63 133 13
34 64 138 92
35 36 115 73
35 37 195 99
35 38 78 9
35 39 154 97
35 40 208 91
35 41 172 38
35 42 3 54
35 43 56 64
35 44 258 38
35 45 169 13
35 46 157 56
35 47 167 61
35 48 145 91
35 49 163 1
35 50 297 71
35 51 241 35
35 52 129 97
35 53 278 56
35 54 186 21
35 55 212 9
35 56 187 26
35 57 60 16
35 58 222 79
35 59 87 93
35 60 190 20
35 61 113 87
35 62 266 25
35 63 233 20
35 64 63 33
36 37 155 70
36 38 56 44
36 39 174 49
36 40 269 52
36 41 249 55
36 42 118 41
36 43 87 15
36 44 306 19
36 45 80 30
36 46 76 7
36 47 251 79
36 48 261 33
36 49 142 53
36 50 337 31
36 51 196 58
36 52 138 23
36 53 260 95
36 54 242 73
36 55 203 69
36 56 223 18
36 57 145 5
36 58 297 62
36 59 29 60
36 60 202 57
36 61 190 65
36 62 301 22
36 63 159 58
36 64 68 15
37 38 130 17
37 39 90 71
37 40 192 9
37 41 201 2
37 42 196 99
37 43 212 40
37 44 201 36
37 45 92 70
37 46 85 79
37 47 214 96
37 48 305 87
37 49 37 43
37 50 219 19
37 51 45 51
37 52 79 74
37 53 106 98
37 54 167 83
37 55 62 7
37 56 129 24
37 57 167 71
37 58 232 88
37 59 152 33
37 60 87 77
37 61 168 3
37 62 183 73
37 63 66 31
37 64 197 66
38 39 124 23
38 40 213 98
38 41 192 33
38 42 80 88
38 43 82 68
38 44 253 17
38 45 91 10
38 46 79 56
38 47 194 82
38 48 218 25
38 49 106 72
38 50 286 67
38 51 176 56
38 52 89 19
38 53 227 14
38 54 187 93
38 55 165 87
38 56 171 68
38 57 91 39
38 58 241 21
38 59 32 58
38 60 156 11
38 61 133 82
38 62 251 45
38 63 158 16
38 64 67 5
39 40 107 62
39 41 110 43
39 42 154 44
39 43 193 74
39 44 133 19
39 45 149 100
39 46 136 56
39 47 123 54
39 48 228 8
39 49 58 19
39 50 162 22
39 51 120 82
39 52 36 57
39 53 130 88
39 54 80 62
39 55 66 48
39 56 49 43
39 57 103 49
39 58 145 20
39 59 156 4
39 60 36 29
39 61 84 92
39 62 127 51
39 63 155 90
39 64 184 4
40 41 47 31
40 42 206 67
40 43 261 23
40 44 57 77
40 45 256 87
40 46 242 79
40 47 64 30
40 48 207 46
40 49 164 30
40 50 97 51
40 51 210 25
40 52 138 20
40 53 181 52
40 54 27 35
40 55 143 76
40 56 63 23
40 57 147 34
40 58 41 73
40 59 246 20
40 60 105 77
40 61 94 98
40 62 79 65
40 63 258 53
40 64 259 29
41 42 170 18
41 43 227 68
41 44 104 27
41 45 250 75
41 46 235 57
41 47 18 89
41 48 160 80
41 49 168 41
41 50 144 72
41 51 227 35
41 52 133 77
41 53 212 56
41 54 45 80
41 55 163 83
41 56 84 16
41 57 113 23
41 58 50 18
41 59 223 39
41 60 124 1
41 61 60 78
41 62 125 66
41 63 266 75
41 64 228 16
42 43 59 58
42 44 257 77
42 45 172 35
42 46 159 98
42 47 164 38
42 48 142 90
42 49 164 92
42 50 295 83
42 51 242 48
42 52 129 51
42 53 279 37
42 54 184 51
42 55 213 15
42 56 186 37
42 57 59 35
42 58 220 100
42 59 90 58
42 60 190 75
42 61 111 11
42 62 265 82
42 63 235 27
42 64 66 39
43 44 309 86
43 45 161 75
43 46 152 18
43 47 223 43
43 48 190 14
43 49 187 40
43 50 346 9
43 51 258 42
43 52 162 25
43 53 308 47
43 54 237 80
43 55 243 8
43 56 233 50
43 57 114 83
43 58 278 45
43 59 68 47
43 60 228 96
43 61 167 57
43 62 314 77
43 63 236 10
43 64 19 95
44 45 280 77
44 46 267 79
44 47 120 54
44 48 263 90
44 49 182 3
44 50 40 96
44 51 207 82
44 52 168 2
44 53 158 4
44 54 73 96
44 55 142 57
44 56 83 8
44 57 198 86
44 58 78 25
44 59 285 82
44 60 115 11
44 61 148 51
44 62 32 74
44 63 264 38
44 64 305 41
45 46 15 100
45 47 258 41
45 48 307 42
45 49 97 56
45 50 303 95
45 51 125 20
45 52 118 37
45 53 197 80
45 54 229 22
45 55 152 99
45 56 198 89
45 57 172 43
45 58 292 9
45 59 92 99
45 60 165 67
45 61 200 6
45 62 267 57
45 63 79 59
45 64 141 98
46 47 243 28
46 48 293 6
46 49 86 33
46 50 292 49
46 51 122 69
46 52 104 20
46 53 191 68
46 54 215 98
46 55 142 64
46 56 185 93
46 57 157 97
46 58 278 62
46 59 84 95
46 60 153 57
46 61 185 42
46 62 255 83
46 63 84 23
46 64 133 42
47 48 143 100
47 49 179 50
47 50 160 30
47 51 242 42
47 52 142 39
47 53 230 15
47 54 63 22
47 55 180 86
47 56 101 60
47 57 110 83
47 58 58 61
47 59 224 60
47 60 140 79
47 61 61 56
47 62 143 56
47 63 278 47
47 64 225 98
48 49 268 73
48 50 303 26
48 51 345 15
48 52 225 79
48 53 355 32
48 54 202 88
48 55 294 41
48 56 230 4
48 57 139 30
48 58 193 64
48 59 233 74
48 60 258 51
48 61 144 99
48 62 286 88
48 63 358 87
48 64 204 25
49 50 206 86
49 51 79 34
49 52 42 6
49 53 121 26
49 54 138 35
49 55 60 98
49 56 103 65
49 57 130 81
49 58 203 14
49 59 132 18
49 60 67 80
49 61 132 48
49 62 169 77
49 63 98 1
49 64 173 61
50 51 217 99
50 52 198 21
50 53 157 32
50 54 112 98
50 55 157 89
50 56 115 44
50 57 236 18
50 58 114 88
50 59 318 10
50 60 138 8
50 61 187 26
50 62 36 100
50 63 279 89
50 64 341 15
51 52 120 67
51 53 76 73
51 54 188 6
51 55 66 13
51 56 147 41
51 57 209 96
51 58 251 50
51 59 196 4
51 60 104 81
51 61 204 97
51 62 183 56
51 63 66 68
51 64 242 78
52 53 149 67
52 54 111 100
52 55 83 8
52 56 85 74
52 57 89 84
52 58 173 13
52 59 120 10
52 60 66 4
52 61 91 86
52 62 163 72
52 63 138 35
52 64 151 76
53 54 167 91
53 55 66 62
53 56 129 93
53 57 233 42
53 58 221 92
53 59 253 38
53 60 97 22
53 61 210 1
53 62 129 5
53 63 142 93
53 64 294 25
54 55 122 62
54 56 41 33
54 57 125 86
54 58 65 71
54 59 219 62
54 60 83 21
54 61 75 25
54 62 87 84
54 63 233 80
54 64 234 73
55 56 81 43
55 57 168 78
55 58 185 14
55 59 193 98
55 60 39 75
55 61 150 23
55 62 122 44
55 63 122 30
55 64 231 74
56 57 129 10
56 58 104 93
56 59 203 74
56 60 42 56
56 61 89 70
56 62 81 35
56 63 195 53
56 64 226 100
57 58 164 38
57 59 117 78
57 60 139 71
57 61 53 96
57 62 207 38
57 63 219 10
57 64 115 61
58 59 272 23
58 60 147 24
58 61 111 50
58 62 108 93
58 63 298 28
58 64 279 94
59 60 187 27
59 61 163 99
59 62 283 16
59 63 168 82
59 64 49 65
60 61 113 22
60 62 102 49
60 63 153 63
60 64 218 13
61 62 160 22
61 63 229 100
61 64 167 56
62 63 244 36
62 64 307 30
63 64 217 80
