50
14
80
4
42
14
33
36
5
13
31
7
37
8
0 1 138 67
0 2 45 61
0 3 65 91
0 4 45 69
0 5 112 57
0 6 77 76
0 7 121 48
0 8 89 6
0 9 85 68
0 10 143 38
0 11 130 65
0 12 130 52
0 13 101 26
0 14 112 31
0 15 100 73
0 16 119 98
0 17 120 33
0 18 105 13
0 19 143 6
0 20 164 28
0 21 107 6
0 22 66 65
0 23 109 49
0 24 140 91
0 25 40 54
0 26 78 67
0 27 153 41
0 28 102 34
0 29 45 13
0 30 111 48
0 31 61 29
0 32 63 89
0 33 75 20
0 34 62 98
0 35 144 59
0 36 117 56
0 37 108 39
0 38 125 15
0 39 51 74
0 40 111 21
0 41 120 19
0 42 91 17
0 43 53 73
0 44 105 45
0 45 63 16
0 46 117 25
0 47 69 63
0 48 66 59
0 49 129 1
1 2 178 67
1 3 198 45
1 4 95 34
1 5 194 41
1 6 197 24
1 7 247 46
1 8 62 89
1 9 214 83
1 10 220 85
1 11 151 98
1 12 266 66
1 13 113 24
1 14 70 85
1 15 151 30
1 16 26 15
1 17 214 13
1 18 242 64
1 19 201 88
1 20 298 82
1 21 200 96
1 22 73 33
1 23 188 96
1 24 190 86
1 25 154 55
1 26 165 97
1 27 284 16
1 28 216 69
1 29 133 61
1 30 155 83
1 31 192 98
1 32 190 44
1 33 159 67
1 34 142 58
1 35 17 29
1 36 217 37
1 37 208 83
1 38 209 86
1 39 162 54
1 40 245 38
1 41 258 73
1 42 150 16
1 43 191 51
1 44 121 23
1 45 138 57
1 46 247 54
1 47 151 39
1 48 120 99
1 49 266 8
2 3 20 58
2 4 89 73
2 5 135 33
2 6 37 62
2 7 110 36
2 8 133 56
2 9 77 51
2 10 163 11
2 11 131 54
2 12 88 50
2 13 143 49
2 14 157 80
2 15 96 78
2 16 162 99
2 17 89 92
2 18 64 99
2 19 125 10
2 20 120 66
2 21 78 74
2 22 105 26
2 23 87 18
2 24 126 40
2 25 68 34
2 26 63 89
2 27 108 96
2 28 108 45
2 29 84 85
2 30 107 79
2 31 58 7
2 32 65 49
2 33 105 93
2 34 98 90
2 35 181 86
2 36 129 100
2 37 74 15
2 38 97 28
2 39 33 90
2 40 93 100
2 41 85 98
2 42 86 55
2 43 21 50
2 44 115 77
2 45 101 79
2 46 72 51
2 47 102 31
2 48 78 78
2 49 89 54
3 4 110 12
3 5 146 74
3 6 29 26
3 7 108 94
3 8 154 59
3 9 79 24
3 10 173 45
3 11 138 48
3 12 69 78
3 13 162 26
3 14 177 24
3 15 103 13
3 16 182 51
3 17 82 35
3 18 47 37
3 19 125 94
3 20 100 91
3 21 74 11
3 22 125 73
3 23 87 13
3 24 127 76
3 25 84 49
3 26 68 93
3 27 88 92
3 28 113 81
3 29 102 63
3 30 114 84
3 31 65 64
3 32 73 39
3 33 119 72
3 34 115 40
3 35 200 33
3 36 137 13
3 37 67 64
3 38 92 18
3 39 43 77
3 40 88 36
3 41 71 60
3 42 94 94
3 43 24 40
3 44 126 76
3 45 118 49
3 46 52 15
3 47 118 32
3 48 93 34
3 49 71 65
4 5 117 2
4 6 117 37
4 7 153 3
4 8 44 76
4 9 119 4
4 10 147 44
4 11 134 60
4 12 175 14
4 13 70 4
4 14 68 72
4 15 112 69
4 16 75 72
4 17 153 54
4 18 150 48
4 19 163 51
4 20 210 99
4 21 139 37
4 22 31 15
4 23 135 3
4 24 156 34
4 25 60 65
4 26 104 59
4 27 198 28
4 28 126 23
4 29 43 68
4 30 122 12
4 31 96 72
4 32 95 86
4 33 77 30
4 34 59 15
4 35 103 44
4 36 133 64
4 37 142 41
4 38 154 78
4 39 86 94
4 40 149 81
4 41 164 79
4 42 105 81
4 43 99 90
4 44 102 46
4 45 56 22
4 46 162 64
4 47 69 48
4 48 71 40
4 49 174 1
5 6 172 58
5 7 89 1
5 8 132 31
5 9 80 8
5 10 31 15
5 11 242 61
5 12 177 37
5 13 85 64
5 14 129 100
5 15 212 22
5 16 168 27
5 17 224 84
5 18 155 91
5 19 255 86
5 20 214 62
5 21 212 70
5 22 148 97
5 23 218 51
5 24 252 82
5 25 72 33
5 26 189 72
5 27 215 48
5 28 49 91
5 29 74 13
5 30 224 14
5 31 82 22
5 32 73 79
5 33 39 89
5 34 57 93
5 35 207 39
5 36 31 22
5 37 209 29
5 38 231 99
5 39 159 12
5 40 104 43
5 41 146 16
5 42 203 49
5 43 122 88
5 44 213 73
5 45 60 29
5 46 188 32
5 47 47 72
5 48 176 73
5 49 169 42
6 7 137 4
6 8 161 81
6 9 108 68
6 10 200 67
6 11 116 52
6 12 81 99
6 13 178 25
6 14 186 78
6 15 81 91
6 16 184 16
6 17 53 28
6 18 66 91
6 19 96 28
6 20 104 21
6 21 45 67
6 22 125 74
6 23 59 71
6 24 99 44
6 25 105 24
6 26 46 78
6 27 87 51
6 28 142 3
6 29 120 53
6 30 91 48
6 31 93 72
6 32 101 50
6 33 142 53
6 34 135 69
6 35 197 79
6 36 165 40
6 37 38 99
6 38 63 53
6 39 34 5
6 40 116 41
6 41 93 80
6 42 72 53
6 43 52 55
6 44 109 35
6 45 137 2
6 46 51 37
6 47 139 61
6 48 81 40
6 49 86 83
7 8 187 87
7 9 36 3
7 10 99 13
7 11 240 29
7 12 103 48
7 13 160 64
7 14 197 73
7 15 206 36
7 16 224 5
7 17 189 30
7 18 89 76
7 19 233 77
7 20 137 90
7 21 182 66
7 22 183 54
7 23 195 37
7 24 235 81
7 25 93 66
7 26 173 10
7 27 143 13
7 28 40 6
7 29 114 35
7 30 217 85
7 31 60 60
7 32 58 99
7 33 97 37
7 34 110 20
7 35 257 30
7 36 61 43
7 37 174 93
7 38 200 2
7 39 143 68
7 40 23 13
7 41 68 61
7 42 196 85
7 43 89 80
7 44 221 50
7 45 115 22
7 46 127 46
7 47 103 33
7 48 182 46
7 49 93 73
8 9 155 73
8 10 159 99
8 11 156 73
8 12 219 44
8 13 56 15
8 14 29 60
8 15 142 45
8 16 36 6
8 17 191 23
8 18 194 5
8 19 194 31
8 20 254 64
8 21 177 61
8 22 43 8
8 23 171 35
8 24 185 20
8 25 95 100
8 26 141 42
8 27 242 45
8 28 154 75
8 29 73 9
8 30 150 92
8 31 134 87
8 32 132 4
8 33 97 89
8 34 80 53
8 35 75 97
8 36 155 22
8 37 182 51
8 38 191 35
8 39 128 97
8 40 187 77
8 41 206 80
8 42 137 68
8 43 142 32
8 44 122 20
8 45 75 30
8 46 206 59
8 47 89 21
8 48 102 31
8 49 218 29
9 10 100 86
9 11 206 37
9 12 97 34
9 13 134 75
9 14 167 42
9 15 172 24
9 16 191 88
9 17 162 40
9 18 75 27
9 19 203 37
9 20 134 70
9 21 153 87
9 22 147 70
9 23 165 65
9 24 203 97
9 25 59 81
9 26 141 58
9 27 135 10
9 28 36 41
9 29 83 61
9 30 183 19
9 31 24 40
9 32 23 22
9 33 73 48
9 34 82 93
9 35 222 6
9 36 61 44
9 37 147 75
9 38 172 100
9 39 110 85
9 40 32 92
9 41 66 20
9 42 162 7
9 43 57 88
9 44 186 41
9 45 87 86
9 46 111 59
9 47 77 29
9 48 147 10
9 49 89 47
10 11 273 66
10 12 196 19
10 13 108 35
10 14 153 32
10 15 244 55
10 16 193 40
10 17 252 3
10 18 176 23
10 19 285 66
10 20 233 43
10 21 242 65
10 22 178 6
10 23 249 28
10 24 283 21
10 25 103 61
10 26 219 40
10 27 235 30
10 28 65 34
10 29 106 17
10 30 255 90
10 31 107 30
10 32 99 59
10 33 71 42
10 34 88 89
10 35 234 83
10 36 40 2
10 37 238 44
10 38 261 38
10 39 189 11
10 40 119 38
10 41 164 54
10 42 234 24
10 43 149 54
10 44 245 62
10 45 90 10
10 46 211 53
10 47 78 17
10 48 207 31
10 49 188 52
11 12 196 99
11 13 203 54
11 14 184 66
11 15 35 75
11 16 155 32
11 17 93 77
11 18 182 39
11 19 55 66
11 20 212 75
11 21 85 10
11 22 113 74
11 23 65 27
11 24 43 95
11 25 171 90
11 26 70 8
11 27 191 21
11 28 231 50
11 29 169 86
11 30 25 70
11 31 184 6
11 32 189 90
11 33 203 84
11 34 187 32
11 35 141 41
11 36 248 50
11 37 97 71
11 38 81 35
11 39 97 99
11 40 224 14
11 41 209 57
11 42 44 54
11 43 152 60
11 44 33 34
11 45 186 99
11 46 162 33
11 47 196 45
11 48 65 87
11 49 202 14
12 13 217 29
12 14 240 41
12 15 162 50
12 16 249 34
12 17 114 23
12 18 25 71
12 19 166 34
12 20 38 45
12 21 115 36
12 22 193 74
12 23 134 45
12 24 173 20
12 25 135 15
12 26 128 23
12 27 40 44
12 28 131 76
12 29 157 69
12 30 171 57
12 31 100 14
12 32 107 57
12 33 163 54
12 34 165 68
12 35 269 65
12 36 156 44
12 37 103 1
12 38 128 79
12 39 110 94
12 40 80 66
12 41 34 74
12 42 154 91
12 43 77 85
12 44 190 22
12 45 169 4
12 46 37 12
12 47 165 28
12 48 160 28
12 49 10 48
13 14 45 34
13 15 183 32
13 16 87 22
13 17 220 56
13 18 192 56
13 19 234 68
13 20 255 31
13 21 206 10
13 22 91 74
13 23 204 55
13 24 227 40
13 25 82 49
13 26 173 15
13 27 248 58
13 28 121 61
13 29 60 11
13 30 192 28
13 31 120 89
13 32 114 16
13 33 62 61
13 34 53 55
13 35 128 15
13 36 114 69
13 37 208 16
13 38 222 87
13 39 151 88
13 40 166 80
13 41 196 47
13 42 176 85
13 43 143 52
13 44 170 5
13 45 48 75
13 46 214 98
13 47 57 30
13 48 142 11
13 49 213 15
14 15 171 80
14 16 45 66
14 17 220 32
14 18 214 85
14 19 223 45
14 20 276 76
14 21 206 15
14 22 72 49
14 23 200 16
14 24 215 28
14 25 109 18
14 26 170 31
14 27 266 41
14 28 160 32
14 29 85 2
14 30 179 10
14 31 149 98
14 32 145 60
14 33 101 20
14 34 86 100
14 35 86 3
14 36 156 8
14 37 210 48
14 38 220 37
14 39 155 23
14 40 199 92
14 41 223 95
14 42 166 68
14 43 163 91
14 44 151 77
14 45 81 46
14 46 229 21
14 47 94 82
14 48 131 57
14 49 237 28
15 16 149 82
15 17 67 98
15 18 147 36
15 19 52 87
15 20 181 31
15 21 57 91
15 22 98 87
15 23 39 25
15 24 43 90
15 25 140 19
15 26 35 11
15 27 161 60
15 28 198 52
15 29 141 39
15 30 11 5
15 31 150 70
15 32 156 10
15 33 174 30
15 34 160 45
15 35 145 89
15 36 216 24
15 37 68 35
15 38 59 70
15 39 62 74
15 40 189 74
15 41 174 31
15 42 9 31
15 43 117 63
15 44 34 42
15 45 160 100
15 46 129 83
15 47 168 50
15 48 41 64
15 49 168 68
16 17 207 75
16 18 224 32
16 19 201 30
16 20 282 46
16 21 193 61
16 22 58 64
16 23 183 92
16 24 191 74
16 25 131 52
16 26 157 33
16 27 269 78
16 28 191 21
16 29 109 100
16 30 155 7
16 31 170 39
16 32 168 10
16 33 134 65
16 34 117 35
16 35 41 36
16 36 192 57
16 37 200 18
16 38 204 14
16 39 150 51
16 40 222 57
16 41 239 57
16 42 147 47
16 43 173 78
16 44 123 53
16 45 112 37
16 46 232 90
16 47 126 87
16 48 114 33
16 49 249 50
17 18 108 100
17 19 52 100
17 20 123 23
17 21 14 34
17 22 150 35
17 23 28 30
17 24 60 14
17 25 154 63
17 26 50 89
17 27 101 16
17 28 195 5
17 29 165 37
17 30 71 34
17 31 146 5
17 32 154 50
17 33 192 83
17 34 182 3
17 35 210 12
17 36 218 95
17 37 14 79
17 38 14 69
17 39 69 10
17 40 167 60
17 41 137 64
17 42 65 56
17 43 105 51
17 44 102 66
17 45 184 45
17 46 77 94
17 47 188 36
17 48 93 50
17 49 123 6
18 19 158 67
18 20 62 37
18 21 106 40
18 22 169 94
18 23 123 55
18 24 164 21
18 25 109 64
18 26 112 38
18 27 60 82
18 28 111 83
18 29 132 23
18 30 157 46
18 31 76 40
18 32 83 39
18 33 139 45
18 34 140 52
18 35 246 99
18 36 136 6
18 37 95 22
18 38 122 98
18 39 90 47
18 40 65 69
18 41 28 47
18 42 138 81
18 43 51 93
18 44 172 30
18 45 144 4
18 46 38 94
18 47 140 42
18 48 140 33
18 49 24 94
19 20 174 47
19 21 52 53
19 22 151 85
19 23 38 60
19 24 12 88
19 25 183 98
19 26 65 3
19 27 152 70
19 28 233 6
19 29 188 30
19 30 46 60
19 31 184 45
19 32 191 16
19 33 219 89
19 34 206 54
19 35 193 12
19 36 254 100
19 37 63 69
19 38 38 25
19 39 96 19
19 40 213 99
19 41 187 54
19 42 57 90
19 43 145 72
19 44 80 8
19 45 206 92
19 46 129 91
19 47 213 67
19 48 92 3
19 49 174 13
20 21 127 62
20 22 225 21
20 23 147 97
20 24 183 76
20 25 172 46
20 26 148 21
20 27 22 80
20 28 168 36
20 29 195 72
20 30 188 21
20 31 138 53
20 32 145 62
20 33 201 54
20 34 203 1
20 35 300 84
20 36 193 85
20 37 115 64
20 38 136 89
20 39 137 7
20 40 114 66
20 41 69 1
20 42 174 32
20 43 112 82
20 44 212 4
20 45 207 14
20 46 53 38
20 47 203 32
20 48 186 39
20 49 45 83
21 22 136 22
21 23 19 37
21 24 58 74
21 25 142 56
21 26 36 26
21 27 106 75
21 28 186 60
21 29 152 9
21 30 62 18
21 31 136 51
21 32 144 87
21 33 180 91
21 34 169 83
21 35 197 49
21 36 208 100
21 37 12 30
21 38 19 69
21 39 56 63
21 40 161 5
21 41 134 97
21 42 53 93
21 43 96 49
21 44 91 49
21 45 171 6
21 46 79 25
21 47 176 38
21 48 80 22
21 49 122 66
22 23 128 100
22 24 142 72
22 25 91 90
22 26 100 92
22 27 211 69
22 28 157 38
22 29 75 10
22 30 106 97
22 31 124 86
22 32 124 36
22 33 108 43
22 34 90 11
22 35 77 93
22 36 164 93
22 37 142 95
22 38 149 8
22 39 91 51
22 40 176 79
22 41 186 43
22 42 94 11
22 43 119 18
22 44 80 96
22 45 87 8
22 46 174 69
22 47 100 87
22 48 59 79
22 49 194 89
23 24 40 72
23 25 147 18
23 26 31 9
23 27 126 82
23 28 196 10
23 29 154 62
23 30 43 70
23 31 146 64
23 32 153 26
23 33 184 40
23 34 172 21
23 35 183 81
23 36 217 99
23 37 32 15
23 38 21 63
23 39 59 64
23 40 175 92
23 41 151 20
23 42 38 70
23 43 107 78
23 44 74 69
23 45 173 34
23 46 98 76
23 47 179 1
23 48 70 62
23 49 141 48
24 25 180 63
24 26 63 35
24 27 161 55
24 28 233 94
24 29 183 70
24 30 36 63
24 31 184 86
24 32 190 47
24 33 215 1
24 34 201 25
24 35 181 66
24 36 253 65
24 37 70 46
24 38 46 95
24 39 95 27
24 40 216 93
24 41 192 44
24 42 50 84
24 43 146 50
24 44 68 10
24 45 202 8
24 46 137 59
24 47 210 1
24 48 85 16
24 49 181 31
25 26 117 100
25 27 166 87
25 28 66 5
25 29 24 11
25 30 152 91
25 31 39 51
25 32 36 31
25 33 37 48
25 34 31 69
25 35 163 14
25 36 78 39
25 37 141 41
25 38 161 28
25 39 87 71
25 40 91 70
25 41 114 73
25 42 131 99
25 43 62 20
25 44 144 45
25 45 35 16
25 46 133 44
25 47 34 55
25 48 106 33
25 49 131 23
26 27 130 27
26 28 169 56
26 29 123 64
26 30 45 5
26 31 120 77
26 32 127 40
26 33 153 53
26 34 141 10
26 35 162 91
26 36 189 61
26 37 43 49
26 38 50 57
26 39 31 14
26 40 155 49
26 41 139 92
26 42 26 77
26 43 84 66
26 44 63 76
26 45 142 68
26 46 96 92
26 47 148 21
26 48 44 23
26 49 133 74
27 28 170 80
27 29 187 64
27 30 168 81
27 31 135 38
27 32 143 61
27 33 198 48
27 34 197 55
27 35 284 40
27 36 196 40
27 37 94 87
27 38 115 75
27 39 121 24
27 40 120 19
27 41 75 25
27 42 154 51
27 43 104 27
27 44 193 97
27 45 201 57
27 46 37 14
27 47 198 16
27 48 169 20
27 49 50 57
28 29 83 16
28 30 210 25
28 31 49 95
28 32 42 84
28 33 59 39
28 34 74 46
28 35 227 9
28 36 25 73
28 37 180 31
28 38 205 54
28 39 138 95
28 40 55 88
28 41 99 20
28 42 189 8
28 43 90 19
28 44 207 82
28 45 79 24
28 46 147 78
28 47 66 96
28 48 168 61
28 49 123 88
29 30 152 43
29 31 63 95
29 32 60 87
29 33 34 76
29 34 18 20
29 35 143 51
29 36 89 35
29 37 152 11
29 38 170 62
29 39 96 27
29 40 114 89
29 41 138 93
29 42 133 40
29 43 83 26
29 44 139 44
29 45 18 32
29 46 153 97
29 47 27 51
29 48 103 34
29 49 154 38
30 31 162 55
30 32 167 55
30 33 186 40
30 34 171 42
30 35 148 9
30 36 228 56
30 37 74 50
30 38 61 90
30 39 74 73
30 40 200 98
30 41 184 78
30 42 21 26
30 43 129 49
30 44 34 34
30 45 171 66
30 46 137 34
30 47 179 11
30 48 51 18
30 49 177 85
31 32 8 61
31 33 63 93
31 34 66 80
31 35 200 22
31 36 71 100
31 37 131 93
31 38 156 28
31 39 89 71
31 40 52 19
31 41 76 4
31 42 140 22
31 43 41 4
31 44 162 38
31 45 71 77
31 46 106 35
31 47 65 5
31 48 123 18
31 49 94 12
32 33 56 71
32 34 61 86
32 35 199 98
32 36 64 76
32 37 139 71
32 38 163 82
32 39 95 11
32 40 54 76
32 41 82 90
32 42 146 68
32 43 49 55
32 44 166 23
32 45 66 51
32 46 114 68
32 47 58 11
32 48 127 13
32 49 101 77
33 34 18 66
33 35 172 39
33 36 58 28
33 37 178 43
33 38 198 32
33 39 124 81
33 40 104 83
33 41 138 14
33 42 165 69
33 43 97 35
33 44 174 13
33 45 22 64
33 46 167 69
33 47 8 3
33 48 137 37
33 49 158 24
34 35 154 6
34 36 76 3
34 37 169 5
34 38 187 38
34 39 113 100
34 40 113 93
34 41 143 88
34 42 151 60
34 43 94 34
34 44 157 94
34 45 5 70
34 46 164 8
34 47 10 36
34 48 121 6
34 49 161 66
35 36 230 39
35 37 206 89
35 38 204 13
35 39 163 81
35 40 253 60
35 41 263 2
35 42 145 58
35 43 196 29
35 44 113 22
35 45 150 92
35 46 248 44
35 47 164 94
35 48 118 86
35 49 270 78
36 37 203 33
36 38 227 39
36 39 158 43
36 40 79 53
36 41 124 66
36 42 207 50
36 43 113 35
36 44 222 73
36 45 80 86
36 46 172 27
36 47 66 76
36 48 183 55
36 49 148 19
37 38 26 69
37 39 57 74
37 40 153 94
37 41 124 52
37 42 63 100
37 43 90 99
37 44 102 61
37 45 171 46
37 46 67 31
37 47 174 26
37 48 88 85
37 49 111 46
38 39 74 18
38 40 179 86
38 41 150 1
38 42 59 19
38 43 115 47
38 44 94 54
38 45 189 87
38 46 91 1
38 47 194 18
38 48 91 10
38 49 137 43
39 40 126 38
39 41 114 36
39 42 53 7
39 43 54 10
39 44 83 50
39 45 115 73
39 46 85 8
39 47 120 70
39 48 50 6
39 49 113 8
40 41 45 64
40 42 179 35
40 43 71 11
40 44 207 59
40 45 118 90
40 46 104 87
40 47 108 11
40 48 169 86
40 49 70 30
41 42 165 94
41 43 67 88
41 44 198 47
41 45 147 41
41 46 64 91
41 47 140 25
41 48 163 74
41 49 25 2
42 43 107 10
42 44 38 36
42 45 151 4
42 46 122 19
42 47 160 10
42 48 35 100
42 49 159 52
43 44 136 17
43 45 97 27
43 46 70 82
43 47 96 44
43 48 99 64
43 49 75 81
44 45 156 26
44 46 159 42
44 47 167 70
44 48 39 15
44 49 195 1
45 46 168 2
45 47 14 96
45 48 121 40
45 49 165 52
46 47 166 35
46 48 133 93
46 49 46 4
47 48 130 73
47 49 159 7
48 49 163 60
