20
10
5
4
1
13
14
16
20
9
13
12
15
2
7
8
5
18
4
10
1
20
11
3
6
14
17
19
16
0 1 7 70
0 2 10 100
0 3 17 170
0 4 12 120
0 5 24 240
0 6 12 120
0 7 15 150
0 8 21 210
0 9 13 130
0 10 22 220
0 11 3 30
0 12 21 210
0 13 18 180
0 14 15 150
0 15 8 80
0 16 12 120
0 17 24 240
0 18 2 20
0 19 16 160
1 2 5 50
1 3 12 120
1 4 6 60
1 5 17 170
1 6 9 90
1 7 13 130
1 8 16 160
1 9 10 100
1 10 15 150
1 11 9 90
1 12 15 150
1 13 12 120
1 14 8 80
1 15 13 130
1 16 13 130
1 17 17 170
1 18 5 50
1 19 11 110
2 3 7 70
2 4 10 100
2 5 16 160
2 6 3 30
2 7 7 70
2 8 11 110
2 9 16 160
2 10 15 150
2 11 13 130
2 12 12 120
2 13 8 80
2 14 11 110
2 15 12 120
2 16 9 90
2 17 14 140
2 18 8 80
2 19 16 160
3 4 14 140
3 5 13 130
3 6 6 60
3 7 7 70
3 8 5 50
3 9 21 210
3 10 13 130
3 11 20 200
3 12 8 80
3 13 3 30
3 14 12 120
3 15 17 170
3 16 12 120
3 17 9 90
3 18 15 150
3 19 20 200
4 5 13 130
4 6 13 130
4 7 18 180
4 8 16 160
4 9 7 70
4 10 12 120
4 11 13 130
4 12 14 140
4 13 13 130
4 14 4 40
4 15 19 190
4 16 18 180
4 17 16 160
4 18 11 110
4 19 6 60
5 6 18 180
5 7 20 200
5 8 10 100
5 9 20 200
5 10 2 20
5 11 26 260
5 12 5 50
5 13 10 100
5 14 9 90
5 15 28 280
5 16 24 240
5 17 5 50
5 18 22 220
5 19 17 170
6 7 4 40
6 8 11 110
6 9 19 190
6 10 17 170
6 11 15 150
6 12 13 130
6 13 8 80
6 14 14 140
6 15 11 110
6 16 6 60
6 17 15 150
6 18 10 100
6 19 20 200
7 8 11 110
7 9 24 240
7 10 20 200
7 11 18 180
7 12 15 150
7 13 10 100
7 14 18 180
7 15 12 120
7 16 5 50
7 17 17 170
7 18 13 130
7 19 24 240
8 9 24 240
8 10 11 110
8 11 24 240
8 12 5 50
8 13 4 40
8 14 13 130
8 15 22 220
8 16 17 170
8 17 6 60
8 18 19 190
8 19 22 220
9 10 18 180
9 11 13 130
9 12 21 210
9 13 20 200
9 14 11 110
9 15 21 210
9 16 23 230
9 17 23 230
9 18 13 130
9 19 4 40
10 11 24 240
10 12 5 50
10 13 10 100
10 14 7 70
10 15 27 270
10 16 23 230
10 17 6 60
10 18 21 210
10 19 15 150
11 12 24 240
11 13 20 200
11 14 17 170
11 15 10 100
11 16 14 140
11 17 26 260
11 18 5 50
11 19 16 160
12 13 5 50
12 14 10 100
12 15 24 240
12 16 20 200
12 17 2 20
12 18 20 200
12 19 18 180
13 14 10 100
13 15 19 190
13 16 14 140
13 17 7 70
13 18 16 160
13 19 18 180
14 15 21 210
14 16 20 200
14 17 12 120
14 18 14 140
14 19 8 80
15 16 7 70
15 17 26 260
15 18 8 80
15 19 24 240
16 17 21 210
16 18 10 100
16 19 24 240
17 18 22 220
17 19 20 200
18 19 16 160
