20
10
5
4
8
4
14
11
1
7
0 1 12 120
0 2 4 40
0 3 11 110
0 4 13 130
0 5 14 140
0 6 8 80
0 7 16 160
0 8 8 80
0 9 3 30
0 10 8 80
0 11 15 150
0 12 9 90
0 13 13 130
0 14 17 170
0 15 17 170
0 16 6 60
0 17 10 100
0 18 4 40
0 19 8 80
1 2 15 150
1 3 22 220
1 4 24 240
1 5 5 50
1 6 20 200
1 7 4 40
1 8 20 200
1 9 9 90
1 10 12 120
1 11 23 230
1 12 21 210
1 13 18 180
1 14 18 180
1 15 19 190
1 16 8 80
1 17 21 210
1 18 12 120
1 19 4 40
2 3 7 70
2 4 9 90
2 5 17 170
2 6 6 60
2 7 19 190
2 8 5 50
2 9 7 70
2 10 7 70
2 11 16 160
2 12 7 70
2 13 15 150
2 14 20 200
2 15 20 200
2 16 8 80
2 17 11 110
2 18 4 40
2 19 11 110
3 4 3 30
3 5 23 230
3 6 8 80
3 7 25 250
3 8 5 50
3 9 14 140
3 10 11 110
3 11 19 190
3 12 8 80
3 13 21 210
3 14 26 260
3 15 26 260
3 16 14 140
3 17 13 130
3 18 10 100
3 19 18 180
4 5 26 260
4 6 7 70
4 7 28 280
4 8 5 50
4 9 16 160
4 10 15 150
4 11 17 170
4 12 7 70
4 13 21 210
4 14 26 260
4 15 26 260
4 16 17 170
4 17 12 120
4 18 13 130
4 19 20 200
5 6 23 230
5 7 3 30
5 8 22 220
5 9 12 120
5 10 12 120
5 11 28 280
5 12 24 240
5 13 22 220
5 14 23 230
5 15 24 240
5 16 8 80
5 17 25 250
5 18 13 130
5 19 6 60
6 7 24 240
6 8 3 30
6 9 11 110
6 10 14 140
6 11 11 110
6 12 1 10
6 13 13 130
6 14 19 190
6 15 19 190
6 16 14 140
6 17 5 50
6 18 10 100
6 19 17 170
7 8 24 240
7 9 13 130
7 10 15 150
7 11 28 280
7 12 25 250
7 13 21 210
7 14 21 210
7 15 22 220
7 16 11 110
7 17 25 250
7 18 15 150
7 19 7 70
8 9 11 110
8 10 12 120
8 11 14 140
8 12 4 40
8 13 16 160
8 14 21 210
8 15 21 210
8 16 13 130
8 17 8 80
8 18 9 90
8 19 16 160
9 10 8 80
9 11 15 150
9 12 11 110
9 13 12 120
9 14 15 150
9 15 15 150
9 16 6 60
9 17 12 120
9 18 5 50
9 19 6 60
10 11 23 230
10 12 15 150
10 13 20 200
10 14 24 240
10 15 24 240
10 16 4 40
10 17 18 180
10 18 4 40
10 19 8 80
11 12 10 100
11 13 7 70
11 14 13 130
11 15 12 120
11 16 21 210
11 17 5 50
11 18 19 190
11 19 21 210
12 13 13 130
12 14 19 190
12 15 18 180
12 16 15 150
12 17 5 50
12 18 11 110
12 19 17 170
13 14 6 60
13 15 5 50
13 16 18 180
13 17 9 90
13 18 17 170
13 19 17 170
14 15 1 10
14 16 20 200
14 17 15 150
14 18 20 200
14 19 18 180
15 16 21 210
15 17 14 140
15 18 21 210
15 19 19 190
16 17 17 170
16 18 4 40
16 19 4 40
17 18 14 140
17 19 18 180
18 19 8 80
