20
10
5
4
3
2
4
16
5
16
19
11
18
7
0 1 20 200
0 2 27 270
0 3 24 240
0 4 26 260
0 5 8 80
0 6 4 40
0 7 18 180
0 8 6 60
0 9 29 290
0 10 28 280
0 11 21 210
0 12 11 110
0 13 27 270
0 14 25 250
0 15 19 190
0 16 15 150
0 17 5 50
0 18 19 190
0 19 12 120
1 2 10 100
1 3 26 260
1 4 6 60
1 5 24 240
1 6 18 180
1 7 29 290
1 8 17 170
1 9 20 200
1 10 24 240
1 11 20 200
1 12 9 90
1 13 19 190
1 14 17 170
1 15 23 230
1 16 26 260
1 17 15 150
1 18 1 10
1 19 21 210
2 3 22 220
2 4 5 50
2 5 29 290
2 6 27 270
2 7 29 290
2 8 26 260
2 9 13 130
2 10 18 180
2 11 17 170
2 12 17 170
2 13 13 130
2 14 11 110
2 15 21 210
2 16 28 280
2 17 23 230
2 18 10 100
2 19 22 220
3 4 26 260
3 5 19 190
3 6 27 270
3 7 12 120
3 8 28 280
3 9 12 120
3 10 6 60
3 11 6 60
3 12 22 220
3 13 10 100
3 14 11 110
3 15 5 50
3 16 13 130
3 17 25 250
3 18 25 250
3 19 12 120
4 5 29 290
4 6 24 240
4 7 31 310
4 8 23 230
4 9 18 180
4 10 23 230
4 11 20 200
4 12 14 140
4 13 18 180
4 14 16 160
4 15 24 240
4 16 30 300
4 17 20 200
4 18 7 70
4 19 24 240
5 6 12 120
5 7 10 100
5 8 14 140
5 9 27 270
5 10 24 240
5 11 18 180
5 12 15 150
5 13 25 250
5 14 24 240
5 15 14 140
5 16 7 70
5 17 12 120
5 18 23 230
5 19 8 80
6 7 22 220
6 8 2 20
6 9 30 300
6 10 30 300
6 11 23 230
6 12 10 100
6 13 28 280
6 14 26 260
6 15 22 220
6 16 18 180
6 17 4 40
6 18 17 170
6 19 15 150
7 8 23 230
7 9 22 220
7 10 18 180
7 11 13 130
7 12 22 220
7 13 21 210
7 14 21 210
7 15 8 80
7 16 3 30
7 17 21 210
7 18 27 270
7 19 8 80
8 9 30 300
8 10 30 300
8 11 24 240
8 12 9 90
8 13 28 280
8 14 26 260
8 15 23 230
8 16 20 200
8 17 3 30
8 18 16 160
8 19 17 170
9 10 5 50
9 11 9 90
9 12 22 220
9 13 2 20
9 14 3 30
9 15 13 130
9 16 22 220
9 17 26 260
9 18 20 200
9 19 19 190
10 11 6 60
10 12 23 230
10 13 5 50
10 14 7 70
10 15 10 100
10 16 19 190
10 17 27 270
10 18 23 230
10 19 16 160
11 12 17 170
11 13 7 70
11 14 7 70
11 15 5 50
11 16 13 130
11 17 20 200
11 18 19 190
11 19 10 100
12 13 20 200
12 14 18 180
12 15 18 180
12 16 19 190
12 17 6 60
12 18 8 80
12 19 14 140
13 14 2 20
13 15 12 120
13 16 20 200
13 17 25 250
13 18 19 190
13 19 17 170
14 15 12 120
14 16 20 200
14 17 23 230
14 18 17 170
14 19 16 160
15 16 9 90
15 17 20 200
15 18 22 220
15 19 7 70
16 17 18 180
16 18 25 250
16 19 5 50
17 18 13 130
17 19 13 130
18 19 19 190
