20
10
5
4
5
12
6
13
10
13
19
11
10
17
4
5
8
15
14
0 1 15 150
0 2 17 170
0 3 11 110
0 4 1 10
0 5 10 100
0 6 17 170
0 7 8 80
0 8 11 110
0 9 9 90
0 10 6 60
0 11 12 120
0 12 10 100
0 13 15 150
0 14 10 100
0 15 11 110
0 16 24 240
0 17 18 180
0 18 9 90
0 19 7 70
1 2 12 120
1 3 23 230
1 4 15 150
1 5 6 60
1 6 8 80
1 7 17 170
1 8 27 270
1 9 16 160
1 10 9 90
1 11 11 110
1 12 18 180
1 13 22 220
1 14 18 180
1 15 24 240
1 16 11 110
1 17 16 160
1 18 14 140
1 19 10 100
2 3 17 170
2 4 18 180
2 5 9 90
2 6 19 190
2 7 24 240
2 8 26 260
2 9 10 100
2 10 13 130
2 11 20 200
2 12 25 250
2 13 13 130
2 14 12 120
2 15 19 190
2 16 10 100
2 17 27 270
2 18 22 220
2 19 10 100
3 4 13 130
3 5 17 170
3 6 27 270
3 7 19 190
3 8 12 120
3 9 7 70
3 10 15 150
3 11 23 230
3 12 21 210
3 13 7 70
3 14 5 50
3 15 2 20
3 16 27 270
3 17 29 290
3 18 21 210
3 19 13 130
4 5 10 100
4 6 16 160
4 7 7 70
4 8 12 120
4 9 10 100
4 10 6 60
4 11 11 110
4 12 8 80
4 13 17 170
4 14 11 110
4 15 13 130
4 16 24 240
4 17 17 170
4 18 8 80
4 19 8 80
5 6 11 110
5 7 15 150
5 8 22 220
5 9 10 100
5 10 4 40
5 11 11 110
5 12 16 160
5 13 16 160
5 14 12 120
5 15 18 180
5 16 13 130
5 17 18 180
5 18 13 130
5 19 4 40
6 7 15 150
6 8 28 280
6 9 21 210
6 10 12 120
6 11 6 60
6 12 14 140
6 13 28 280
6 14 23 230
6 15 28 280
6 16 18 180
6 17 9 90
6 18 11 110
6 19 14 140
7 8 15 150
7 9 17 170
7 10 11 110
7 11 8 80
7 12 1 10
7 13 24 240
7 14 18 180
7 15 19 190
7 16 28 280
7 17 12 120
7 18 3 30
7 19 14 140
8 9 16 160
8 10 18 180
8 11 22 220
8 12 16 160
8 13 19 190
8 14 15 150
8 15 10 100
8 16 35 350
8 17 27 270
8 18 18 180
8 19 18 180
9 10 9 90
9 11 18 180
9 12 19 190
9 13 7 70
9 14 2 20
9 15 9 90
9 16 20 200
9 17 25 250
9 18 17 170
9 19 6 60
10 11 9 90
10 12 12 120
10 13 16 160
10 14 11 110
10 15 16 160
10 16 18 180
10 17 16 160
10 18 9 90
10 19 3 30
11 12 8 80
11 13 25 250
11 14 20 200
11 15 23 230
11 16 22 220
11 17 7 70
11 18 5 50
11 19 12 120
12 13 25 250
12 14 20 200
12 15 20 200
12 16 29 290
12 17 11 110
12 18 3 30
12 19 15 150
13 14 5 50
13 15 9 90
13 16 24 240
13 17 32 320
13 18 24 240
13 19 13 130
14 15 7 70
14 16 21 210
14 17 27 270
14 18 19 190
14 19 8 80
15 16 29 290
15 17 30 300
15 18 21 210
15 19 14 140
16 17 27 270
16 18 25 250
16 19 17 170
17 18 9 90
17 19 19 190
18 19 13 130
