20
10
5
4
2
12
20
15
10
2
18
19
11
10
4
15
17
20
8
0 1 7 70
0 2 2 20
0 3 20 200
0 4 16 160
0 5 8 80
0 6 15 150
0 7 3 30
0 8 18 180
0 9 11 110
0 10 9 90
0 11 12 120
0 12 13 130
0 13 18 180
0 14 20 200
0 15 9 90
0 16 15 150
0 17 17 170
0 18 10 100
0 19 11 110
1 2 9 90
1 3 17 170
1 4 12 120
1 5 14 140
1 6 17 170
1 7 10 100
1 8 23 230
1 9 13 130
1 10 16 160
1 11 15 150
1 12 19 190
1 13 18 180
1 14 26 260
1 15 14 140
1 16 21 210
1 17 21 210
1 18 7 70
1 19 15 150
2 3 21 210
2 4 17 170
2 5 6 60
2 6 13 130
2 7 4 40
2 8 15 150
2 9 10 100
2 10 9 90
2 11 13 130
2 12 10 100
2 13 18 180
2 14 17 170
2 15 7 70
2 16 12 120
2 17 15 150
2 18 13 130
2 19 9 90
3 4 5 50
3 5 20 200
3 6 14 140
3 7 24 240
3 8 24 240
3 9 14 140
3 10 30 300
3 11 32 320
3 12 23 230
3 13 8 80
3 14 27 270
3 15 19 190
3 16 29 290
3 17 20 200
3 18 24 240
3 19 18 180
4 5 17 170
4 6 13 130
4 7 19 190
4 8 22 220
4 9 11 110
4 10 25 250
4 11 27 270
4 12 20 200
4 13 8 80
4 14 26 260
4 15 16 160
4 16 26 260
4 17 19 190
4 18 19 190
4 19 15 150
5 6 9 90
5 7 10 100
5 8 9 90
5 9 6 60
5 10 13 130
5 11 19 190
5 12 5 50
5 13 15 150
5 14 12 120
5 15 1 10
5 16 9 90
5 17 9 90
5 18 18 180
5 19 3 30
6 7 18 180
6 8 10 100
6 9 4 40
6 10 22 220
6 11 27 270
6 12 9 90
6 13 7 70
6 14 13 130
6 15 7 70
6 16 16 160
6 17 6 60
6 18 24 240
6 19 5 50
7 8 19 190
7 9 14 140
7 10 6 60
7 11 9 90
7 12 14 140
7 13 22 220
7 14 21 210
7 15 11 110
7 16 14 140
7 17 19 190
7 18 10 100
7 19 13 130
8 9 11 110
8 10 21 210
8 11 28 280
8 12 5 50
8 13 17 170
8 14 3 30
8 15 9 90
8 16 9 90
8 17 4 40
8 18 28 280
8 19 8 80
9 10 19 190
9 11 23 230
9 12 9 90
9 13 8 80
9 14 14 140
9 15 5 50
9 16 15 150
9 17 8 80
9 18 20 200
9 19 4 40
10 11 7 70
10 12 16 160
10 13 27 270
10 14 22 220
10 15 14 140
10 16 13 130
10 17 21 210
10 18 14 140
10 19 17 170
11 12 23 230
11 13 31 310
11 14 29 290
11 15 20 200
11 16 20 200
11 17 28 280
11 18 11 110
11 19 22 220
12 13 16 160
12 14 7 70
12 15 5 50
12 16 6 60
12 17 5 50
12 18 23 230
12 19 5 50
13 14 20 200
13 15 13 130
13 16 23 230
13 17 13 130
13 18 25 250
13 19 12 120
14 15 12 120
14 16 9 90
14 17 7 70
14 18 30 300
14 19 11 110
15 16 10 100
15 17 8 80
15 18 19 190
15 19 2 20
16 17 12 120
16 18 24 240
16 19 11 110
17 18 27 270
17 19 6 60
18 19 20 200
