20
10
5
4
20
13
4
14
5
5
17
15
7
2
0 1 18 180
0 2 21 210
0 3 13 130
0 4 20 200
0 5 24 240
0 6 28 280
0 7 5 50
0 8 16 160
0 9 6 60
0 10 25 250
0 11 15 150
0 12 16 160
0 13 22 220
0 14 6 60
0 15 24 240
0 16 8 80
0 17 5 50
0 18 16 160
0 19 14 140
1 2 15 150
1 3 9 90
1 4 2 20
1 5 15 150
1 6 10 100
1 7 15 150
1 8 5 50
1 9 24 240
1 10 10 100
1 11 9 90
1 12 12 120
1 13 16 160
1 14 20 200
1 15 22 220
1 16 13 130
1 17 23 230
1 18 19 190
1 19 5 50
2 3 21 210
2 4 16 160
2 5 3 30
2 6 17 170
2 7 16 160
2 8 9 90
2 9 25 250
2 10 10 100
2 11 6 60
2 12 5 50
2 13 1 10
2 14 18 180
2 15 7 70
2 16 21 210
2 17 23 230
2 18 8 80
2 19 12 120
3 4 10 100
3 5 22 220
3 6 18 180
3 7 13 130
3 8 11 110
3 9 19 190
3 10 19 190
3 11 14 140
3 12 17 170
3 13 22 220
3 14 18 180
3 15 27 270
3 16 5 50
3 17 18 180
3 18 22 220
3 19 8 80
4 5 16 160
4 6 8 80
4 7 17 170
4 8 7 70
4 9 27 270
4 10 9 90
4 11 11 110
4 12 14 140
4 13 17 170
4 14 22 220
4 15 23 230
4 16 15 150
4 17 25 250
4 18 21 210
4 19 7 70
5 6 15 150
5 7 19 190
5 8 11 110
5 9 29 290
5 10 8 80
5 11 9 90
5 12 8 80
5 13 3 30
5 14 21 210
5 15 9 90
5 16 24 240
5 17 26 260
5 18 12 120
5 19 13 130
6 7 24 240
6 8 12 120
6 9 34 340
6 10 7 70
6 11 15 150
6 12 17 170
6 13 18 180
6 14 29 290
6 15 24 240
6 16 23 230
6 17 32 320
6 18 24 240
6 19 14 140
7 8 12 120
7 9 10 100
7 10 20 200
7 11 11 110
7 12 11 110
7 13 17 170
7 14 5 50
7 15 19 190
7 16 9 90
7 17 7 70
7 18 12 120
7 19 10 100
8 9 22 220
8 10 8 80
8 11 4 40
8 12 7 70
8 13 11 110
8 14 17 170
8 15 17 170
8 16 14 140
8 17 20 200
8 18 14 140
8 19 3 30
9 10 31 310
9 11 21 210
9 12 21 210
9 13 26 260
9 14 8 80
9 15 28 280
9 16 13 130
9 17 3 30
9 18 20 200
9 19 20 200
10 11 9 90
10 12 11 110
10 13 11 110
10 14 24 240
10 15 17 170
10 16 22 220
10 17 28 280
10 18 18 180
10 19 11 110
11 12 3 30
11 13 8 80
11 14 14 140
11 15 13 130
11 16 15 150
11 17 18 180
11 18 10 100
11 19 5 50
12 13 6 60
12 14 13 130
12 15 10 100
12 16 17 170
12 17 18 180
12 18 7 70
12 19 8 80
13 14 18 180
13 15 6 60
13 16 23 230
13 17 23 230
13 18 8 80
13 19 13 130
14 15 20 200
14 16 13 130
14 17 5 50
14 18 12 120
14 19 15 150
15 16 27 270
15 17 25 250
15 18 8 80
15 19 19 190
16 17 13 130
16 18 20 200
16 19 11 110
17 18 17 170
17 19 18 180
18 19 14 140
