20
10
5
4
5
1
16
17
1
18
0 1 18 180
0 2 18 180
0 3 22 220
0 4 20 200
0 5 18 180
0 6 28 280
0 7 19 190
0 8 22 220
0 9 26 260
0 10 10 100
0 11 31 310
0 12 24 240
0 13 26 260
0 14 24 240
0 15 20 200
0 16 22 220
0 17 28 280
0 18 1 10
0 19 15 150
1 2 8 80
1 3 8 80
1 4 15 150
1 5 11 110
1 6 10 100
1 7 1 10
1 8 9 90
1 9 14 140
1 10 17 170
1 11 15 150
1 12 9 90
1 13 14 140
1 14 17 170
1 15 12 120
1 16 13 130
1 17 15 150
1 18 18 180
1 19 7 70
2 3 4 40
2 4 22 220
2 5 3 30
2 6 10 100
2 7 7 70
2 8 4 40
2 9 22 220
2 10 12 120
2 11 21 210
2 12 6 60
2 13 8 80
2 14 24 240
2 15 19 190
2 16 21 210
2 17 23 230
2 18 18 180
2 19 3 30
3 4 24 240
3 5 5 50
3 6 7 70
3 7 7 70
3 8 1 10
3 9 22 220
3 10 15 150
3 11 20 200
3 12 2 20
3 13 5 50
3 14 26 260
3 15 21 210
3 16 22 220
3 17 23 230
3 18 22 220
3 19 7 70
4 5 25 250
4 6 24 240
4 7 16 160
4 8 25 250
4 9 9 90
4 10 26 260
4 11 17 170
4 12 24 240
4 13 29 290
4 14 3 30
4 15 2 20
4 16 4 40
4 17 10 100
4 18 19 190
4 19 20 200
5 6 12 120
5 7 10 100
5 8 4 40
5 9 25 250
5 10 11 110
5 11 24 240
5 12 7 70
5 13 8 80
5 14 27 270
5 15 22 220
5 16 24 240
5 17 26 260
5 18 19 190
5 19 5 50
6 7 9 90
6 8 7 70
6 9 20 200
6 10 22 220
6 11 16 160
6 12 5 50
6 13 8 80
6 14 25 250
6 15 21 210
6 16 22 220
6 17 20 200
6 18 28 280
6 19 13 130
7 8 8 80
7 9 15 150
7 10 16 160
7 11 15 150
7 12 7 70
7 13 13 130
7 14 18 180
7 15 13 130
7 16 14 140
7 17 16 160
7 18 19 190
7 19 7 70
8 9 23 230
8 10 15 150
8 11 21 210
8 12 2 20
8 13 5 50
8 14 26 260
8 15 22 220
8 16 23 230
8 17 24 240
8 18 22 220
8 19 7 70
9 10 29 290
9 11 8 80
9 12 21 210
9 13 26 260
9 14 7 70
9 15 7 70
9 16 5 50
9 17 1 10
9 18 26 260
9 19 21 210
10 11 32 320
10 12 18 180
10 13 19 190
10 14 29 290
10 15 24 240
10 16 26 260
10 17 30 300
10 18 11 110
10 19 10 100
11 12 19 190
11 13 24 240
11 14 15 150
11 15 15 150
11 16 13 130
11 17 7 70
11 18 31 310
11 19 22 220
12 13 5 50
12 14 25 250
12 15 21 210
12 16 22 220
12 17 22 220
12 18 24 240
12 19 9 90
13 14 31 310
13 15 26 260
13 16 27 270
13 17 27 270
13 18 27 270
13 19 12 120
14 15 5 50
14 16 3 30
14 17 8 80
14 18 23 230
14 19 23 230
15 16 2 20
15 17 8 80
15 18 19 190
15 19 18 180
16 17 6 60
16 18 22 220
16 19 20 200
17 18 27 270
17 19 22 220
18 19 15 150
