20
10
5
4
13
2
12
20
15
10
8
9
13
11
3
5
7
19
18
15
12
16
2
4
0 1 10 100
0 2 17 170
0 3 8 80
0 4 22 220
0 5 19 190
0 6 21 210
0 7 24 240
0 8 15 150
0 9 14 140
0 10 27 270
0 11 8 80
0 12 13 130
0 13 24 240
0 14 25 250
0 15 22 220
0 16 23 230
0 17 24 240
0 18 20 200
0 19 22 220
1 2 11 110
1 3 2 20
1 4 22 220
1 5 18 180
1 6 30 300
1 7 24 240
1 8 19 190
1 9 24 240
1 10 26 260
1 11 5 50
1 12 3 30
1 13 23 230
1 14 33 330
1 15 27 270
1 16 26 260
1 17 22 220
1 18 24 240
1 19 27 270
2 3 12 120
2 4 13 130
2 5 9 90
2 6 29 290
2 7 15 150
2 8 15 150
2 9 27 270
2 10 16 160
2 11 9 90
2 12 8 80
2 13 14 140
2 14 31 310
2 15 22 220
2 16 18 180
2 17 12 120
2 18 19 190
2 19 24 240
3 4 21 210
3 5 18 180
3 6 28 280
3 7 23 230
3 8 18 180
3 9 22 220
3 10 26 260
3 11 4 40
3 12 5 50
3 13 23 230
3 14 31 310
3 15 25 250
3 16 25 250
3 17 22 220
3 18 23 230
3 19 26 260
4 5 4 40
4 6 22 220
4 7 2 20
4 8 9 90
4 9 25 250
4 10 5 50
4 11 18 180
4 12 20 200
4 13 2 20
4 14 22 220
4 15 12 120
4 16 6 60
4 17 4 40
4 18 10 100
4 19 14 140
5 6 22 220
5 7 6 60
5 8 9 90
5 9 24 240
5 10 8 80
5 11 14 140
5 12 16 160
5 13 5 50
5 14 24 240
5 15 14 140
5 16 9 90
5 17 5 50
5 18 11 110
5 19 16 160
6 7 22 220
6 8 13 130
6 9 10 100
6 10 26 260
6 11 24 240
6 12 30 300
6 13 24 240
6 14 4 40
6 15 10 100
6 16 17 170
6 17 26 260
6 18 12 120
6 19 8 80
7 8 10 100
7 9 26 260
7 10 4 40
7 11 19 190
7 12 22 220
7 13 2 20
7 14 22 220
7 15 12 120
7 16 5 50
7 17 5 50
7 18 10 100
7 19 14 140
8 9 15 150
8 10 14 140
8 11 14 140
8 12 18 180
8 13 11 110
8 14 15 150
8 15 7 70
8 16 8 80
8 17 13 130
8 18 5 50
8 19 8 80
9 10 30 300
9 11 20 200
9 12 25 250
9 13 27 270
9 14 14 140
9 15 16 160
9 16 22 220
9 17 28 280
9 18 17 170
9 19 15 150
10 11 22 220
10 12 23 230
10 13 2 20
10 14 26 260
10 15 16 160
10 16 9 90
10 17 4 40
10 18 14 140
10 19 18 180
11 12 5 50
11 13 19 190
11 14 28 280
11 15 21 210
11 16 21 210
11 17 18 180
11 18 19 190
11 19 22 220
12 13 21 210
12 14 33 330
12 15 26 260
12 16 24 240
12 17 19 190
12 18 23 230
12 19 27 270
13 14 24 240
13 15 14 140
13 16 7 70
13 17 2 20
13 18 12 120
13 19 16 160
14 15 10 100
14 16 17 170
14 17 26 260
14 18 12 120
14 19 8 80
15 16 7 70
15 17 16 160
15 18 2 20
15 19 2 20
16 17 10 100
16 18 5 50
16 19 9 90
17 18 14 140
17 19 18 180
18 19 4 40
