40
12
100
5
20
26
5
9
22
1
6
0 1 97 18
0 2 72 46
0 3 81 31
0 4 92 57
0 5 113 3
0 6 173 76
0 7 107 73
0 8 115 15
0 9 156 2
0 10 67 6
0 11 15 29
0 12 173 71
0 13 86 96
0 14 145 52
0 15 110 46
0 16 156 84
0 17 111 99
0 18 152 71
0 19 136 77
0 20 116 80
0 21 142 74
0 22 197 18
0 23 114 7
0 24 125 9
0 25 133 11
0 26 13 24
0 27 158 21
0 28 173 48
0 29 173 50
0 30 2 98
0 31 9 92
0 32 62 82
0 33 98 5
0 34 174 48
0 35 171 18
0 36 66 69
0 37 166 60
0 38 129 15
0 39 89 54
1 2 148 58
1 3 166 14
1 4 166 12
1 5 36 8
1 6 192 86
1 7 113 11
1 8 194 12
1 9 121 74
1 10 103 83
1 11 110 43
1 12 163 16
1 13 139 87
1 14 183 25
1 15 76 63
1 16 149 94
1 17 96 88
1 18 161 3
1 19 81 12
1 20 69 65
1 21 138 14
1 22 184 41
1 23 164 8
1 24 194 60
1 25 168 44
1 26 98 20
1 27 205 84
1 28 114 76
1 29 144 21
1 30 97 56
1 31 89 80
1 32 34 9
1 33 83 15
1 34 211 91
1 35 127 86
1 36 94 68
1 37 143 67
1 38 193 25
1 39 30 12
2 3 24 90
2 4 20 27
2 5 147 66
2 6 122 31
2 7 86 10
2 8 46 34
2 9 148 16
2 10 54 15
2 11 60 2
2 12 141 20
2 13 33 59
2 14 85 3
2 15 118 90
2 16 126 91
2 17 105 50
2 18 112 28
2 19 148 12
2 20 131 94
2 21 114 51
2 22 163 11
2 23 52 21
2 24 53 62
2 25 78 34
2 26 60 30
2 27 90 26
2 28 178 71
2 29 156 47
2 30 73 58
2 31 80 12
2 32 119 86
2 33 101 6
2 34 111 50
2 35 166 74
2 36 61 33
2 37 146 85
2 38 57 9
2 39 151 78
3 4 25 4
3 5 169 57
3 6 139 69
3 7 110 96
3 8 36 41
3 9 172 33
3 10 77 16
3 11 66 93
3 12 163 55
3 13 56 87
3 14 100 79
3 15 142 13
3 16 149 80
3 17 129 13
3 18 133 1
3 19 172 54
3 20 154 12
3 21 137 56
3 22 184 8
3 23 68 72
3 24 52 11
3 25 95 38
3 26 72 99
3 27 100 32
3 28 202 81
3 29 179 53
3 30 81 100
3 31 90 82
3 32 136 58
3 33 124 34
3 34 122 22
3 35 190 83
3 36 85 70
3 37 169 28
3 38 61 46
3 39 166 37
4 5 163 96
4 6 114 65
4 7 93 45
4 8 28 26
4 9 155 25
4 10 67 82
4 11 79 65
4 12 141 91
4 13 38 50
4 14 75 98
4 15 130 92
4 16 127 100
4 17 115 88
4 18 110 82
4 19 160 61
4 20 143 19
4 21 116 50
4 22 161 60
4 23 44 25
4 24 33 50
4 25 71 73
4 26 81 44
4 27 75 15
4 28 188 49
4 29 160 38
4 30 93 61
4 31 101 50
4 32 139 33
4 33 112 45
4 34 98 33
4 35 173 15
4 36 76 70
4 37 149 34
4 38 38 17
4 39 171 80
5 6 168 70
5 7 92 81
5 8 191 25
5 9 87 17
5 10 96 41
5 11 124 56
5 12 133 2
5 13 131 95
5 14 166 25
5 15 48 71
5 16 120 44
5 17 70 93
5 18 135 31
5 19 45 62
5 20 37 91
5 21 111 39
5 22 152 30
5 23 152 4
5 24 188 59
5 25 150 7
5 26 110 8
5 27 189 3
5 28 78 16
5 29 111 42
5 30 114 18
5 31 108 33
5 32 59 87
5 33 61 13
5 34 191 54
5 35 91 63
5 36 87 53
5 37 111 15
5 38 184 89
5 39 66 76
6 7 79 26
6 8 124 35
6 9 100 66
6 10 107 85
6 11 168 47
6 12 53 29
6 13 91 13
6 14 40 57
6 15 119 100
6 16 54 70
6 17 97 90
6 18 33 1
6 19 135 42
6 20 132 15
6 21 58 56
6 22 60 39
6 23 70 93
6 24 102 92
6 25 44 80
6 26 160 13
6 27 56 75
6 28 139 17
6 29 87 69
6 30 175 16
6 31 179 27
6 32 183 46
6 33 109 81
6 34 37 12
6 35 114 8
6 36 112 64
6 37 78 70
6 38 90 23
6 39 213 90
7 8 118 96
7 9 62 91
7 10 41 21
7 11 106 67
7 12 66 21
7 13 55 41
7 14 73 72
7 15 46 1
7 16 49 40
7 17 25 17
7 18 50 52
7 19 71 78
7 20 60 100
7 21 35 26
7 22 90 90
7 23 65 57
7 24 106 33
7 25 58 86
7 26 95 99
7 27 97 62
7 28 94 66
7 29 71 94
7 30 109 23
7 31 109 81
7 32 104 9
7 33 31 67
7 34 98 82
7 35 79 75
7 36 41 67
7 37 62 80
7 38 99 53
7 39 133 21
8 9 178 52
8 10 95 37
8 11 102 65
8 12 159 71
8 13 63 84
8 14 83 15
8 15 157 49
8 16 147 36
8 17 141 49
8 18 127 9
8 19 187 33
8 20 171 2
8 21 137 71
8 22 177 2
8 23 59 34
8 24 23 14
8 25 84 11
8 26 105 76
8 27 75 2
8 28 213 22
8 29 181 53
8 30 116 48
8 31 124 91
8 32 166 33
8 33 139 42
8 34 99 89
8 35 196 12
8 36 104 26
8 37 170 77
8 38 34 2
8 39 198 17
9 10 99 90
9 11 160 53
9 12 51 56
9 13 117 22
9 14 117 48
9 15 50 100
9 16 46 83
9 17 46 82
9 18 70 39
9 19 42 92
9 20 52 12
9 21 46 100
9 22 67 68
9 23 122 46
9 24 165 82
9 25 105 93
9 26 147 19
9 27 142 14
9 28 39 70
9 29 23 12
9 30 158 8
9 31 156 75
9 32 130 86
9 33 57 36
9 34 134 28
9 35 17 54
9 36 95 64
9 37 26 32
9 38 156 78
9 39 149 79
10 11 66 13
10 12 106 93
10 13 35 1
10 14 85 48
10 15 64 94
10 16 89 28
10 17 54 49
10 18 84 54
10 19 94 9
10 20 76 28
10 21 75 85
10 22 130 55
10 23 61 41
10 24 92 28
10 25 71 65
10 26 55 83
10 27 104 59
10 28 125 50
10 29 111 6
10 30 69 39
10 31 71 65
10 32 83 77
10 33 47 33
10 34 114 56
10 35 116 33
10 36 9 66
10 37 102 21
10 38 89 24
10 39 115 88
11 12 172 20
11 13 78 53
11 14 137 61
11 15 116 56
11 16 155 12
11 17 114 79
11 18 149 21
11 19 144 13
11 20 123 40
11 21 141 70
11 22 196 51
11 23 106 29
11 24 113 70
11 25 126 17
11 26 14 62
11 27 148 23
11 28 179 81
11 29 175 99
11 30 15 39
11 31 24 58
11 32 76 100
11 33 102 33
11 34 165 26
11 35 175 26
11 36 66 99
11 37 167 78
11 38 117 93
11 39 104 55
12 13 108 21
12 14 82 51
12 15 87 20
12 16 17 36
12 17 69 51
12 18 32 16
12 19 92 83
12 20 95 76
12 21 31 85
12 22 24 47
12 23 99 54
12 24 140 54
12 25 75 83
12 26 161 61
12 27 105 31
12 28 88 31
12 29 34 89
12 30 175 9
12 31 175 50
12 32 164 15
12 33 84 29
12 34 90 55
12 35 61 22
12 36 107 42
12 37 26 93
12 38 130 70
12 39 189 75
13 14 59 30
13 15 94 63
13 16 93 87
13 17 77 53
13 18 79 56
13 19 123 99
13 20 107 48
13 21 80 87
13 22 129 65
13 23 29 39
13 24 57 16
13 25 48 65
13 26 72 35
13 27 72 46
13 28 150 49
13 29 123 96
13 30 87 32
13 31 93 83
13 32 116 7
13 33 76 8
13 34 87 22
13 35 135 84
13 36 44 7
13 37 113 98
13 38 53 52
13 39 149 14
14 15 119 13
14 16 75 83
14 17 97 51
14 18 51 30
14 19 142 62
14 20 133 42
14 21 70 9
14 22 96 76
14 23 32 69
14 24 61 86
14 25 15 58
14 26 132 89
14 27 25 100
14 28 156 93
14 29 111 37
14 30 147 43
14 31 152 32
14 32 168 93
14 33 104 48
14 34 29 54
14 35 133 34
14 36 92 82
14 37 100 38
14 38 50 12
14 39 199 21
15 16 73 59
15 17 22 32
15 18 87 95
15 19 30 65
15 20 14 56
15 21 63 55
15 22 108 43
15 23 110 32
15 24 149 87
15 25 104 7
15 26 102 79
15 27 143 58
15 28 63 91
15 29 71 76
15 30 112 26
15 31 108 75
15 32 80 96
15 33 18 8
15 34 143 31
15 35 62 59
15 36 57 7
15 37 68 22
15 38 144 53
15 39 102 17
16 17 54 62
16 18 24 12
16 19 82 54
16 20 82 3
16 21 14 40
16 22 41 57
16 23 87 49
16 24 129 63
16 25 65 63
16 26 144 9
16 27 99 54
16 28 85 57
16 29 36 9
16 30 158 3
16 31 158 49
16 32 148 85
16 33 68 45
16 34 88 68
16 35 60 18
16 36 90 66
16 37 25 12
16 38 119 40
16 39 173 52
17 18 65 12
17 19 46 86
17 20 35 5
17 21 42 90
17 22 92 88
17 23 90 46
17 24 131 99
17 25 82 35
17 26 101 41
17 27 121 6
17 28 72 54
17 29 62 66
17 30 113 55
17 31 111 62
17 32 94 92
17 33 14 44
17 34 121 5
17 35 62 73
17 36 49 38
17 37 56 38
17 38 124 36
17 39 119 99
18 19 102 75
18 20 98 73
18 21 25 96
18 22 51 56
18 23 67 44
18 24 108 27
18 25 43 7
18 26 139 55
18 27 74 49
18 28 109 93
18 29 60 6
18 30 154 41
18 31 156 60
18 32 154 13
18 33 77 38
18 34 64 79
18 35 84 17
18 36 87 84
18 37 50 34
18 38 97 56
18 39 183 80
19 20 20 40
19 21 76 14
19 22 109 57
19 23 137 11
19 24 178 16
19 25 128 26
19 26 129 25
19 27 167 18
19 28 37 70
19 29 66 2
19 30 138 2
19 31 134 71
19 32 96 88
19 33 47 14
19 34 163 10
19 35 45 59
19 36 88 62
19 37 67 44
19 38 171 49
19 39 110 73
20 21 74 96
20 22 115 36
20 23 124 17
20 24 163 93
20 25 118 36
20 26 109 15
20 27 157 3
20 28 56 77
20 29 75 59
20 30 118 45
20 31 114 49
20 32 79 14
20 33 31 13
20 34 157 33
20 35 61 89
20 36 69 60
20 37 74 63
20 38 158 96
20 39 97 78
21 22 55 16
21 23 78 17
21 24 121 97
21 25 59 76
21 26 130 15
21 27 95 27
21 28 85 38
21 29 43 45
21 30 144 49
21 31 144 36
21 32 135 81
21 33 56 64
21 34 88 11
21 35 63 28
21 36 76 55
21 37 33 83
21 38 111 18
21 39 162 61
22 23 118 41
22 24 157 37
22 25 92 68
22 26 185 24
22 27 116 52
22 28 98 73
22 29 44 62
22 30 199 51
22 31 199 9
22 32 187 47
22 33 107 92
22 34 98 99
22 35 72 18
22 36 131 2
22 37 41 29
22 38 146 5
22 39 211 63
23 24 43 61
23 25 26 81
23 26 101 11
23 27 43 27
23 28 158 27
23 29 122 3
23 30 116 30
23 31 121 65
23 32 144 1
23 33 93 85
23 34 59 30
23 35 139 4
23 36 69 16
23 37 111 69
23 38 34 8
23 39 176 87
24 25 65 40
24 26 114 34
24 27 52 57
24 28 201 64
24 29 165 88
24 30 126 45
24 31 134 73
24 32 169 53
24 33 132 28
24 34 76 72
24 35 182 33
24 36 101 42
24 37 154 60
24 38 11 35
24 39 202 87
25 26 120 57
25 27 39 44
25 28 143 42
25 29 101 50
25 30 135 20
25 31 139 40
25 32 153 11
25 33 89 7
25 34 43 47
25 35 122 7
25 36 78 22
25 37 90 56
25 38 54 48
25 39 185 89
26 27 144 69
26 28 165 36
26 29 162 87
26 30 15 56
26 31 20 96
26 32 65 88
26 33 89 37
26 34 160 83
26 35 162 25
26 36 54 10
26 37 155 40
26 38 117 28
26 39 95 20
27 28 181 40
27 29 135 40
27 30 159 3
27 31 165 28
27 32 187 74
27 33 128 3
27 34 24 87
27 35 158 59
27 36 112 70
27 37 124 30
27 38 41 13
27 39 219 94
28 29 55 23
28 30 174 7
28 31 170 69
28 32 132 35
28 33 79 61
28 34 173 16
28 35 26 50
28 36 120 80
28 37 62 73
28 38 193 31
28 39 144 74
29 30 175 83
29 31 174 64
29 32 151 90
29 33 76 61
29 34 123 74
29 35 28 36
29 36 109 40
29 37 10 42
29 38 155 4
29 39 172 86
30 31 9 2
30 32 63 65
30 33 100 57
30 34 175 5
30 35 173 45
30 36 68 84
30 37 168 58
30 38 130 82
30 39 89 4
31 32 55 51
31 33 98 55
31 34 180 28
31 35 170 44
31 36 68 9
31 37 167 41
31 38 137 60
31 39 80 3
32 33 79 37
32 34 196 22
32 35 140 59
32 36 75 11
32 37 148 63
32 38 169 84
32 39 32 78
33 34 130 36
33 35 73 30
33 36 41 68
33 37 70 28
33 38 126 45
33 39 106 43
34 35 148 20
34 36 121 41
34 37 113 37
34 38 65 80
34 39 228 25
35 36 112 49
35 37 36 87
35 38 173 36
35 39 156 88
36 37 101 26
36 38 98 50
36 39 107 11
37 38 144 55
37 39 170 37
38 39 202 96
