20
10
5
4
13
14
16
9
1
7
0 1 26 260
0 2 67 670
0 3 111 1110
0 4 111 1110
0 5 74 740
0 6 129 1290
0 7 90 900
0 8 115 1150
0 9 68 680
0 10 9 90
0 11 79 790
0 12 148 1480
0 13 134 1340
0 14 92 920
0 15 77 770
0 16 62 620
0 17 96 960
0 18 53 530
0 19 46 460
1 2 48 480
1 3 86 860
1 4 98 980
1 5 48 480
1 6 108 1080
1 7 63 630
1 8 90 900
1 9 41 410
1 10 25 250
1 11 52 520
1 12 121 1210
1 13 108 1080
1 14 69 690
1 15 56 560
1 16 50 500
1 17 80 800
1 18 62 620
1 19 20 200
2 3 91 910
2 4 54 540
2 5 55 550
2 6 61 610
2 7 54 540
2 8 55 550
2 9 34 340
2 10 60 600
2 11 48 480
2 12 91 910
2 13 103 1030
2 14 28 280
2 15 9 90
2 16 19 190
2 17 108 1080
2 18 110 1100
2 19 33 330
3 4 138 1380
3 5 39 390
3 6 113 1130
3 7 38 380
3 8 72 720
3 9 57 570
3 10 111 1110
3 11 42 420
3 12 75 750
3 13 26 260
3 14 79 790
3 15 91 910
3 16 109 1090
3 17 47 470
3 18 111 1110
3 19 74 740
4 5 107 1070
4 6 47 470
4 7 99 990
4 8 77 770
4 9 86 860
4 10 102 1020
4 11 98 980
4 12 108 1080
4 13 143 1430
4 14 58 580
4 15 49 490
4 16 49 490
4 17 162 1620
4 18 160 1600
4 19 87 870
5 6 94 940
5 7 21 210
5 8 61 610
5 9 21 210
5 10 73 730
5 11 11 110
5 12 82 820
5 13 60 600
5 14 54 540
5 15 57 570
5 16 71 710
5 17 55 550
5 18 88 880
5 19 34 340
6 7 79 790
6 8 41 410
6 9 78 780
6 10 122 1220
6 11 83 830
6 12 64 640
6 13 111 1110
6 14 42 420
6 15 52 520
6 16 72 720
6 17 149 1490
6 18 170 1700
6 19 90 900
7 8 41 410
7 9 24 240
7 10 88 880
7 11 11 110
7 12 61 610
7 13 50 500
7 14 41 410
7 15 53 530
7 16 73 730
7 17 70 700
7 18 109 1090
7 19 46 460
8 9 50 500
8 10 110 1100
8 11 49 490
8 12 36 360
8 13 70 700
8 14 27 270
8 15 48 480
8 16 74 740
8 17 111 1110
8 18 146 1460
8 19 70 700
9 10 65 650
9 11 15 150
9 12 80 800
9 13 73 730
9 14 36 360
9 15 37 370
9 16 51 510
9 17 75 750
9 18 95 950
9 19 22 220
10 11 77 770
10 12 143 1430
10 13 133 1330
10 14 86 860
10 15 70 700
10 16 53 530
10 17 101 1010
10 18 62 620
10 19 42 420
11 12 73 730
11 13 58 580
11 14 43 430
11 15 49 490
11 16 66 660
11 17 66 660
11 18 98 980
11 19 35 350
12 13 61 610
12 14 63 630
12 15 84 840
12 16 110 1100
12 17 122 1220
12 18 171 1710
12 19 101 1010
13 14 85 850
13 15 101 1010
13 16 123 1230
13 17 71 710
13 18 137 1370
13 19 93 930
14 15 21 210
14 16 47 470
14 17 109 1090
14 18 129 1290
14 19 49 490
15 16 26 260
15 17 112 1120
15 18 119 1190
15 19 40 400
16 17 121 1210
16 18 111 1110
16 19 42 420
17 18 76 760
17 19 79 790
18 19 79 790
