20
10
5
4
12
20
10
7
1
19
0 1 12 120
0 2 17 170
0 3 13 130
0 4 18 180
0 5 16 160
0 6 7 70
0 7 12 120
0 8 18 180
0 9 1 10
0 10 5 50
0 11 2 20
0 12 15 150
0 13 2 20
0 14 15 150
0 15 21 210
0 16 8 80
0 17 3 30
0 18 12 120
0 19 18 180
1 2 13 130
1 3 19 190
1 4 21 210
1 5 6 60
1 6 13 130
1 7 15 150
1 8 17 170
1 9 11 110
1 10 8 80
1 11 14 140
1 12 6 60
1 13 14 140
1 14 3 30
1 15 16 160
1 16 9 90
1 17 15 150
1 18 1 10
1 19 13 130
2 3 14 140
2 4 12 120
2 5 8 80
2 6 11 110
2 7 8 80
2 8 5 50
2 9 17 170
2 10 12 120
2 11 17 170
2 12 7 70
2 13 19 190
2 14 14 140
2 15 4 40
2 16 8 80
2 17 19 190
2 18 12 120
2 19 2 20
3 4 5 50
3 5 19 190
3 6 7 70
3 7 6 60
3 8 10 100
3 9 14 140
3 10 12 120
3 11 12 120
3 12 18 180
3 13 14 140
3 14 22 220
3 15 17 170
3 16 10 100
3 17 13 130
3 18 19 190
3 19 16 160
4 5 19 190
4 6 11 110
4 7 6 60
4 8 7 70
4 9 19 190
4 10 15 150
4 11 17 170
4 12 18 180
4 13 19 190
4 14 24 240
4 15 14 140
4 16 12 120
4 17 18 180
4 18 20 200
4 19 13 130
5 6 14 140
5 7 13 130
5 8 13 130
5 9 15 150
5 10 11 110
5 11 17 170
5 12 1 10
5 13 18 180
5 14 7 70
5 15 10 100
5 16 10 100
5 17 18 180
5 18 5 50
5 19 7 70
6 7 5 50
6 8 11 110
6 9 8 80
6 10 5 50
6 11 6 60
6 12 13 130
6 13 8 80
6 14 16 160
6 15 15 150
6 16 4 40
6 17 8 80
6 18 12 120
6 19 13 130
7 8 6 60
7 9 13 130
7 10 9 90
7 11 12 120
7 12 12 120
7 13 13 130
7 14 17 170
7 15 11 110
7 16 5 50
7 17 13 130
7 18 14 140
7 19 10 100
8 9 18 180
8 10 14 140
8 11 18 180
8 12 13 130
8 13 20 200
8 14 19 190
8 15 7 70
8 16 10 100
8 17 19 190
8 18 16 160
8 19 7 70
9 10 5 50
9 11 3 30
9 12 14 140
9 13 3 30
9 14 14 140
9 15 21 210
9 16 8 80
9 17 4 40
9 18 11 110
9 19 18 180
10 11 6 60
10 12 10 100
10 13 7 70
10 14 11 110
10 15 16 160
10 16 4 40
10 17 7 70
10 18 8 80
10 19 13 130
11 12 16 160
11 13 2 20
11 14 17 170
11 15 21 210
11 16 9 90
11 17 1 10
11 18 14 140
11 19 19 190
12 13 17 170
12 14 7 70
12 15 10 100
12 16 9 90
12 17 18 180
12 18 5 50
12 19 7 70
13 14 17 170
13 15 23 230
13 16 10 100
13 17 1 10
13 18 14 140
13 19 20 200
14 15 17 170
14 16 12 120
14 17 18 180
14 18 3 30
14 19 14 140
15 16 12 120
15 17 23 230
15 18 15 150
15 19 3 30
16 17 10 100
16 18 9 90
16 19 10 100
17 18 15 150
17 19 20 200
18 19 12 120
