20
10
5
4
11
17
18
14
1
15
0 1 1 10
0 2 4 40
0 3 4 40
0 4 2 20
0 5 5 50
0 6 3 30
0 7 3 30
0 8 1 10
0 9 2 20
0 10 2 20
0 11 3 30
0 12 4 40
0 13 4 40
0 14 1 10
0 15 5 50
0 16 4 40
0 17 5 50
0 18 1 10
0 19 5 50
1 2 4 40
1 3 4 40
1 4 3 30
1 5 5 50
1 6 3 30
1 7 2 20
1 8 2 20
1 9 2 20
1 10 2 20
1 11 2 20
1 12 4 40
1 13 4 40
1 14 1 10
1 15 5 50
1 16 5 50
1 17 6 60
1 18 1 10
1 19 4 40
2 3 8 80
2 4 5 50
2 5 9 90
2 6 2 20
2 7 3 30
2 8 5 50
2 9 6 60
2 10 6 60
2 11 2 20
2 12 8 80
2 13 1 10
2 14 3 30
2 15 6 60
2 16 6 60
2 17 9 90
2 18 5 50
2 19 1 10
3 4 4 40
3 5 3 30
3 6 7 70
3 7 6 60
3 8 4 40
3 9 2 20
3 10 2 20
3 11 7 70
3 12 3 30
3 13 8 80
3 14 5 50
3 15 7 70
3 16 5 50
3 17 4 40
3 18 3 30
3 19 8 80
4 5 3 30
4 6 3 30
4 7 5 50
4 8 1 10
4 9 2 20
4 10 3 30
4 11 5 50
4 12 5 50
4 13 5 50
4 14 3 30
4 15 3 30
4 16 2 20
4 17 4 40
4 18 3 30
4 19 6 60
5 6 7 70
5 7 8 80
5 8 4 40
5 9 3 30
5 10 5 50
5 11 8 80
5 12 6 60
5 13 8 80
5 14 6 60
5 15 6 60
5 16 4 40
5 17 1 10
5 18 5 50
5 19 9 90
6 7 3 30
6 8 3 30
6 9 5 50
6 10 5 50
6 11 3 30
6 12 7 70
6 13 1 10
6 14 2 20
6 15 4 40
6 16 4 40
6 17 7 70
6 18 4 40
6 19 3 30
7 8 4 40
7 9 5 50
7 10 3 30
7 11 1 10
7 12 5 50
7 13 3 30
7 14 2 20
7 15 7 70
7 16 7 70
7 17 8 80
7 18 2 20
7 19 3 30
8 9 2 20
8 10 2 20
8 11 4 40
8 12 5 50
8 13 4 40
8 14 2 20
8 15 4 40
8 16 3 30
8 17 5 50
8 18 2 20
8 19 5 50
9 10 2 20
9 11 5 50
9 12 3 30
9 13 6 60
9 14 3 30
9 15 5 50
9 16 4 40
9 17 4 40
9 18 2 20
9 19 7 70
10 11 4 40
10 12 2 20
10 13 6 60
10 14 3 30
10 15 7 70
10 16 5 50
10 17 6 60
10 18 1 10
10 19 6 60
11 12 6 60
11 13 2 20
11 14 2 20
11 15 7 70
11 16 7 70
11 17 9 90
11 18 3 30
11 19 2 20
12 13 8 80
12 14 5 50
12 15 9 90
12 16 7 70
12 17 7 70
12 18 3 30
12 19 8 80
13 14 3 30
13 15 5 50
13 16 5 50
13 17 9 90
13 18 5 50
13 19 2 20
14 15 5 50
14 16 5 50
14 17 7 70
14 18 2 20
14 19 3 30
15 16 2 20
15 17 6 60
15 18 6 60
15 19 7 70
16 17 4 40
16 18 5 50
16 19 7 70
17 18 6 60
17 19 10 100
18 19 5 50
