50
10
100
10
1
45
42
11
12
49
36
13
47
15
1
14
0 1 120 4
0 2 95 45
0 3 121 33
0 4 204 91
0 5 28 73
0 6 106 94
0 7 192 52
0 8 127 89
0 9 147 75
0 10 35 51
0 11 36 59
0 12 217 40
0 13 38 88
0 14 65 71
0 15 78 79
0 16 110 11
0 17 73 34
0 18 43 4
0 19 128 54
0 20 209 13
0 21 69 55
0 22 138 68
0 23 96 83
0 24 80 99
0 25 203 89
0 26 188 37
0 27 32 31
0 28 128 80
0 29 185 32
0 30 90 66
0 31 119 21
0 32 124 88
0 33 68 65
0 34 55 81
0 35 134 89
0 36 135 43
0 37 202 93
0 38 67 24
0 39 152 16
0 40 75 50
0 41 150 10
0 42 161 87
0 43 149 76
0 44 137 54
0 45 69 38
0 46 38 35
0 47 101 61
0 48 176 57
0 49 157 31
1 2 171 75
1 3 174 42
1 4 177 59
1 5 132 36
1 6 73 68
1 7 159 73
1 8 113 70
1 9 114 64
1 10 156 33
1 11 133 73
1 12 184 36
1 13 135 66
1 14 112 80
1 15 169 24
1 16 92 80
1 17 161 41
1 18 137 73
1 19 36 30
1 20 93 98
1 21 109 93
1 22 229 48
1 23 27 98
1 24 118 46
1 25 87 89
1 26 68 40
1 27 127 88
1 28 70 59
1 29 135 41
1 30 154 44
1 31 210 32
1 32 150 36
1 33 130 94
1 34 125 16
1 35 214 55
1 36 17 15
1 37 115 18
1 38 54 94
1 39 153 34
1 40 164 25
1 41 29 100
1 42 53 28
1 43 183 37
1 44 173 35
1 45 102 67
1 46 155 21
1 47 44 43
1 48 69 28
1 49 123 79
2 3 35 82
2 4 152 23
2 5 119 35
2 6 111 81
2 7 147 49
2 8 97 14
2 9 121 96
2 10 88 61
2 11 59 8
2 12 166 97
2 13 130 35
2 14 58 97
2 15 23 22
2 16 99 37
2 17 160 93
2 18 52 38
2 19 156 43
2 20 264 40
2 21 163 63
2 22 59 86
2 23 144 6
2 24 55 62
2 25 258 27
2 26 235 8
2 27 63 23
2 28 133 91
2 29 157 60
2 30 183 2
2 31 42 17
2 32 61 89
2 33 163 67
2 34 150 28
2 35 44 31
2 36 188 41
2 37 199 36
2 38 135 48
2 39 95 12
2 40 22 68
2 41 197 86
2 42 186 27
2 43 68 53
2 44 58 20
2 45 68 35
2 46 74 8
2 47 174 47
2 48 239 81
2 49 127 82
3 4 120 39
3 5 148 53
3 6 106 67
3 7 118 9
3 8 80 34
3 9 101 74
3 10 121 81
3 11 86 51
3 12 134 72
3 13 159 61
3 14 68 23
3 15 58 77
3 16 89 10
3 17 191 72
3 18 80 92
3 19 152 98
3 20 265 95
3 21 187 60
3 22 74 72
3 23 149 96
3 24 57 6
3 25 259 86
3 26 233 83
3 27 89 9
3 28 124 55
3 29 132 47
3 30 211 54
3 31 64 62
3 32 35 54
3 33 190 56
3 34 176 63
3 35 50 85
3 36 191 99
3 37 180 8
3 38 148 58
3 39 66 98
3 40 56 73
3 41 197 22
3 42 179 26
3 43 33 46
3 44 24 60
3 45 74 39
3 46 107 31
3 47 186 8
3 48 244 18
3 49 104 81
4 5 232 75
4 6 113 71
4 7 18 1
4 8 78 97
4 9 65 78
4 10 220 18
4 11 179 90
4 12 13 20
4 13 241 93
4 14 139 71
4 15 172 82
4 16 99 57
4 17 276 67
4 18 176 62
4 19 140 100
4 20 239 100
4 21 249 15
4 22 192 64
4 23 165 84
4 24 125 26
4 25 236 14
4 26 205 22
4 27 178 29
4 28 107 22
4 29 47 72
4 30 287 5
4 31 184 95
4 32 91 54
4 33 261 52
4 34 250 94
4 35 167 54
4 36 188 77
4 37 103 43
4 38 188 51
4 39 57 62
4 40 169 45
4 41 184 93
4 42 145 46
4 43 93 70
4 44 97 44
4 45 135 52
4 46 209 92
4 47 212 22
4 48 235 65
4 49 54 95
5 6 130 14
5 7 219 20
5 8 154 65
5 9 173 19
5 10 41 61
5 11 62 25
5 12 244 44
5 13 10 29
5 14 93 25
5 15 101 6
5 16 136 85
5 17 45 69
5 18 68 75
5 19 145 37
5 20 214 25
5 21 52 60
5 22 157 65
5 23 111 66
5 24 108 42
5 25 208 66
5 26 196 43
5 27 59 16
5 28 151 52
5 29 211 61
5 30 63 18
5 31 138 93
5 32 152 69
5 33 44 76
5 34 32 83
5 35 157 15
5 36 144 14
5 37 224 49
5 38 78 56
5 39 180 15
5 40 99 19
5 41 160 18
5 42 177 68
5 43 177 79
5 44 165 51
5 45 97 80
5 46 51 77
5 47 104 68
5 48 179 20
5 49 183 64
6 7 97 53
6 8 41 98
6 9 48 32
6 10 133 6
6 11 97 41
6 12 123 35
6 13 138 90
6 14 59 81
6 15 118 35
6 16 18 60
6 17 172 19
6 18 98 58
6 19 46 79
6 20 159 57
6 21 137 16
6 22 170 95
6 23 54 57
6 24 56 95
6 25 154 18
6 26 127 62
6 27 92 4
6 28 24 69
6 29 82 96
6 30 178 69
6 31 153 50
6 32 77 62
6 33 152 32
6 34 141 13
6 35 152 19
6 36 89 100
6 37 98 82
6 38 74 42
6 39 80 48
6 40 113 88
6 41 92 90
6 42 75 44
6 43 110 55
6 44 101 83
6 45 48 22
6 46 126 91
6 47 101 95
6 48 141 65
6 49 59 98
7 8 65 85
7 9 48 97
7 10 210 35
7 11 169 42
7 12 26 62
7 13 228 38
7 14 128 71
7 15 166 37
7 16 85 39
7 17 263 53
7 18 166 57
7 19 123 82
7 20 221 77
7 21 234 67
7 22 192 7
7 23 148 83
7 24 115 27
7 25 218 70
7 26 188 18
7 27 167 71
7 28 89 47
7 29 30 20
7 30 273 71
7 31 182 77
7 32 85 91
7 33 247 83
7 34 235 18
7 35 167 93
7 36 170 56
7 37 88 71
7 38 172 46
7 39 52 90
7 40 162 29
7 41 166 32
7 42 128 88
7 43 94 70
7 44 96 53
7 45 122 32
7 46 199 56
7 47 195 41
7 48 217 89
7 49 38 48
8 9 24 70
8 10 147 60
8 11 106 65
8 12 90 65
8 13 163 70
8 14 64 54
8 15 112 38
8 16 23 45
8 17 198 77
8 18 104 1
8 19 83 92
8 20 195 21
8 21 171 22
8 22 152 30
8 23 95 89
8 24 52 5
8 25 190 89
8 26 162 40
8 27 103 85
8 28 48 32
8 29 62 100
8 30 208 72
8 31 138 50
8 32 45 49
8 33 183 82
8 34 171 61
8 35 130 47
8 36 128 40
8 37 101 91
8 38 112 20
8 39 39 20
8 40 107 44
8 41 130 12
8 42 104 28
8 43 74 57
8 44 67 44
8 45 58 77
8 46 136 81
8 47 141 31
8 48 180 66
8 49 31 81
9 10 169 56
9 11 129 27
9 12 75 19
9 13 182 27
9 14 87 43
9 15 136 17
9 16 37 91
9 17 217 67
9 18 127 7
9 19 79 27
9 20 186 97
9 21 185 75
9 22 175 19
9 23 100 49
9 24 76 37
9 25 182 68
9 26 153 51
9 27 126 90
9 28 44 70
9 29 39 13
9 30 225 2
9 31 161 91
9 32 65 40
9 33 199 19
9 34 188 44
9 35 152 85
9 36 127 54
9 37 79 79
9 38 123 11
9 39 47 46
9 40 131 63
9 41 125 27
9 42 93 42
9 43 90 13
9 44 85 46
9 45 79 35
9 46 159 94
9 47 147 39
9 48 176 1
9 49 10 61
10 11 41 70
10 12 234 18
10 13 49 52
10 14 82 24
10 15 66 50
10 16 134 31
10 17 73 49
10 18 44 33
10 19 161 66
10 20 244 48
10 21 93 36
10 22 117 17
10 23 131 95
10 24 95 7
10 25 238 39
10 26 223 22
10 27 43 55
10 28 157 73
10 29 208 10
10 30 99 97
10 31 100 41
10 32 133 97
10 33 84 43
10 34 73 61
10 35 120 64
10 36 170 99
10 37 231 45
10 38 103 94
10 39 165 45
10 40 66 3
10 41 185 92
10 42 194 7
10 43 153 69
10 44 141 64
10 45 90 9
10 46 13 15
10 47 136 26
10 48 211 56
10 49 178 86
11 12 193 34
11 13 72 85
11 14 42 63
11 15 44 61
11 16 94 81
11 17 105 45
11 18 7 97
11 19 130 19
11 20 226 32
11 21 104 42
11 22 106 41
11 23 106 1
11 24 54 28
11 25 220 50
11 26 201 100
11 27 6 6
11 28 121 66
11 29 168 99
11 30 125 5
11 31 86 41
11 32 93 28
11 33 104 48
11 34 91 70
11 35 99 71
11 36 149 27
11 37 194 75
11 38 86 76
11 39 124 6
11 40 40 51
11 41 162 40
11 42 164 4
11 43 116 59
11 44 104 57
11 45 50 51
11 46 30 100
11 47 125 72
11 48 196 56
11 49 138 79
12 13 253 46
12 14 152 37
12 15 186 23
12 16 111 19
12 17 289 68
12 18 189 96
12 19 147 90
12 20 242 70
12 21 260 80
12 22 205 36
12 23 174 37
12 24 139 30
12 25 239 60
12 26 209 96
12 27 191 74
12 28 115 67
12 29 51 17
12 30 299 32
12 31 198 79
12 32 105 68
12 33 273 81
12 34 261 91
12 35 180 14
12 36 195 34
12 37 102 87
12 38 198 43
12 39 71 73
12 40 183 4
12 41 189 47
12 42 150 49
12 43 106 19
12 44 111 65
12 45 147 52
12 46 222 8
12 47 221 60
12 48 240 91
12 49 64 70
13 14 103 25
13 15 111 3
13 16 144 29
13 17 35 32
13 18 79 62
13 19 151 91
13 20 214 11
13 21 46 47
13 22 166 46
13 23 115 23
13 24 118 5
13 25 208 71
13 26 198 52
13 27 70 78
13 28 158 52
13 29 219 49
13 30 52 57
13 31 148 36
13 32 162 49
13 33 35 90
13 34 24 79
13 35 167 94
13 36 146 13
13 37 230 17
13 38 81 7
13 39 190 97
13 40 109 77
13 41 163 77
13 42 182 57
13 43 188 87
13 44 175 86
13 45 106 23
13 46 60 81
13 47 104 46
13 48 178 26
13 49 192 80
14 15 60 69
14 16 53 76
14 17 138 20
14 18 41 43
14 19 99 7
14 20 205 72
14 21 122 38
14 22 117 61
14 23 85 73
14 24 14 89
14 25 200 66
14 26 177 78
14 27 39 27
14 28 82 53
14 29 126 84
14 30 153 97
14 31 99 19
14 32 60 17
14 33 129 39
14 34 116 52
14 35 102 57
14 36 129 68
14 37 155 40
14 38 80 8
14 39 86 18
14 40 55 95
14 41 138 63
14 42 131 15
14 43 89 85
14 44 77 72
14 45 10 31
14 46 72 28
14 47 119 1
14 48 180 34
14 49 96 47
15 16 109 21
15 17 139 93
15 18 37 10
15 19 160 88
15 20 263 42
15 21 147 89
15 22 62 70
15 23 142 50
15 24 63 17
15 25 257 26
15 26 236 51
15 27 49 98
15 28 141 96
15 29 173 25
15 30 163 4
15 31 42 88
15 32 81 72
15 33 145 23
15 34 132 35
15 35 56 57
15 36 186 95
15 37 211 86
15 38 128 41
15 39 115 82
15 40 5 55
15 41 197 89
15 42 192 90
15 43 91 97
15 44 81 27
15 45 71 3
15 46 52 38
15 47 167 6
15 48 236 61
15 49 142 78
16 17 179 57
16 18 94 66
16 19 64 21
16 20 177 51
16 21 149 93
16 22 157 29
16 23 72 58
16 24 46 43
16 25 172 26
16 26 145 74
16 27 91 56
16 28 34 28
16 29 75 6
16 30 188 31
16 31 141 8
16 32 59 46
16 33 162 4
16 34 150 70
16 35 137 20
16 36 107 64
16 37 102 29
16 38 89 3
16 39 62 11
16 40 104 73
16 41 110 24
16 42 90 35
16 43 92 79
16 44 83 12
16 45 44 98
16 46 125 17
16 47 118 45
16 48 160 76
16 49 48 33
17 18 111 26
17 19 182 84
17 20 232 59
17 21 56 51
17 22 190 50
17 23 145 82
17 24 153 27
17 25 226 5
17 26 221 45
17 27 103 46
17 28 192 29
17 29 254 48
17 30 30 25
17 31 173 100
17 32 197 89
17 33 34 29
17 34 36 1
17 35 193 77
17 36 170 21
17 37 263 29
17 38 110 56
17 39 225 88
17 40 138 64
17 41 188 36
17 42 211 53
17 43 221 77
17 44 209 99
17 45 141 25
17 46 87 26
17 47 125 8
17 48 196 93
17 49 227 8
18 19 133 20
18 20 231 67
18 21 111 14
18 22 99 15
18 23 111 59
18 24 51 47
18 25 225 20
18 26 205 89
18 27 12 97
18 28 122 81
18 29 166 34
18 30 131 25
18 31 79 15
18 32 89 56
18 33 111 88
18 34 98 77
18 35 92 58
18 36 154 35
18 37 195 41
18 38 92 16
18 39 120 2
18 40 33 20
18 41 166 43
18 42 166 86
18 43 110 55
18 44 98 85
18 45 50 91
18 46 32 19
18 47 131 1
18 48 201 43
18 49 136 22
19 20 112 67
19 21 135 2
19 22 215 35
19 23 36 30
19 24 100 48
19 25 108 20
19 26 81 30
19 27 124 34
19 28 35 9
19 29 98 43
19 30 179 50
19 31 198 21
19 32 124 27
19 33 154 52
19 34 146 21
19 35 197 17
19 36 48 50
19 37 83 96
19 38 71 42
19 39 121 54
19 40 154 100
19 41 47 16
19 42 33 73
19 43 156 56
19 44 147 15
19 45 89 65
19 46 157 82
19 47 78 33
19 48 97 83
19 49 88 67
20 21 176 79
20 22 323 91
20 23 120 78
20 24 210 71
20 25 6 80
20 26 33 17
20 27 219 54
20 28 146 57
20 29 191 18
20 30 216 53
20 31 304 13
20 32 237 61
20 33 198 20
20 34 198 50
20 35 307 81
20 36 77 62
20 37 145 38
20 38 141 12
20 39 232 31
20 40 258 7
20 41 67 37
20 42 94 27
20 43 269 87
20 44 260 86
20 45 195 77
20 46 246 63
20 47 110 7
20 48 37 11
20 49 193 100
21 22 207 67
21 23 98 60
21 24 137 51
21 25 170 22
21 26 165 30
21 27 100 89
21 28 152 85
21 29 219 58
21 30 44 79
21 31 188 39
21 32 182 28
21 33 22 82
21 34 23 96
21 35 204 97
21 36 116 58
21 37 218 68
21 38 65 94
21 39 204 42
21 40 145 53
21 41 134 27
21 42 161 17
21 43 212 15
21 44 199 67
21 45 121 84
21 46 102 8
21 47 69 78
21 48 139 83
21 49 196 10
22 23 202 4
22 24 115 81
22 25 317 88
22 26 294 73
22 27 111 16
22 28 192 11
22 29 207 19
22 30 217 69
22 31 19 63
22 32 110 34
22 33 202 59
22 34 189 25
22 35 25 50
22 36 246 44
22 37 254 19
22 38 190 89
22 39 140 93
22 40 66 76
22 41 256 96
22 42 246 56
22 43 99 56
22 44 96 99
22 45 127 24
22 46 105 23
22 47 229 64
22 48 297 55
22 49 178 58
23 24 92 70
23 25 114 23
23 26 94 90
23 27 100 70
23 28 59 55
23 29 127 18
23 30 143 23
23 31 183 38
23 32 127 25
23 33 117 70
23 34 110 15
23 35 188 21
23 36 43 21
23 37 120 16
23 38 35 59
23 39 134 53
23 40 137 40
23 41 55 92
23 42 66 40
23 43 160 13
23 44 149 12
23 45 76 21
23 46 129 87
23 47 47 98
23 48 95 26
23 49 110 92
24 25 204 38
24 26 180 75
24 27 52 52
24 28 79 13
24 29 115 16
24 30 168 70
24 31 97 48
24 32 45 8
24 33 143 88
24 34 131 74
24 35 97 63
24 36 135 17
24 37 148 7
24 38 91 10
24 39 71 20
24 40 57 95
24 41 142 82
24 42 131 8
24 43 76 39
24 44 64 80
24 45 17 32
24 46 84 15
24 47 129 14
24 48 187 64
24 49 84 51
25 26 30 18
25 27 213 47
25 28 141 39
25 29 188 17
25 30 210 69
25 31 298 33
25 32 232 71
25 33 192 30
25 34 191 97
25 35 302 28
25 36 71 41
25 37 143 98
25 38 135 31
25 39 227 28
25 40 252 29
25 41 62 71
25 42 90 2
25 43 264 91
25 44 255 42
25 45 190 59
25 46 239 66
25 47 104 38
25 48 31 4
25 49 189 93
26 27 195 87
26 28 113 54
26 29 158 82
26 30 207 3
26 31 276 26
26 32 205 9
26 33 187 5
26 34 185 28
26 35 278 83
26 36 53 82
26 37 114 43
26 38 120 31
26 39 199 65
26 40 231 53
26 41 38 73
26 42 60 39
26 43 236 12
26 44 228 6
26 45 166 97
26 46 223 31
26 47 96 28
26 48 41 52
26 49 159 2
27 28 116 60
27 29 165 88
27 30 122 19
27 31 92 27
27 32 94 73
27 33 100 88
27 34 87 39
27 35 105 96
27 36 143 58
27 37 190 76
27 38 80 91
27 39 123 71
27 40 45 73
27 41 156 35
27 42 158 19
27 43 117 35
27 44 105 72
27 45 46 35
27 46 34 65
27 47 119 78
27 48 190 58
27 49 135 54
28 29 68 21
28 30 195 52
28 31 175 57
28 32 92 21
28 33 169 93
28 34 159 97
28 35 172 33
28 36 83 100
28 37 74 1
28 38 87 36
28 39 86 77
28 40 136 36
28 41 82 63
28 42 55 69
28 43 123 87
28 44 115 14
28 45 72 32
28 46 150 99
28 47 106 33
28 48 133 25
28 49 53 6
29 30 260 3
29 31 195 32
29 32 97 45
29 33 234 39
29 34 224 22
29 35 183 98
29 36 144 7
29 37 58 32
29 38 155 36
29 39 68 25
29 40 168 25
29 41 138 38
29 42 99 25
29 43 114 5
29 44 113 25
29 45 118 55
29 46 198 6
29 47 174 75
29 48 189 93
29 49 30 32
30 31 199 49
30 32 213 29
30 33 26 77
30 34 37 63
30 35 219 38
30 36 160 64
30 37 262 60
30 38 108 73
30 39 238 26
30 40 161 4
30 41 178 20
30 42 206 3
30 43 240 15
30 44 227 5
30 45 154 92
30 46 112 20
30 47 113 15
30 48 179 20
30 49 236 77
31 32 98 35
31 33 183 76
31 34 171 4
31 35 25 80
31 36 227 67
31 37 240 25
31 38 171 33
31 39 130 16
31 40 47 54
31 41 237 4
31 42 228 13
31 43 93 65
31 44 87 11
31 45 109 70
31 46 87 41
31 47 210 27
31 48 278 33
31 49 166 34
32 33 189 71
32 34 176 89
32 35 86 52
32 36 166 51
32 37 145 41
32 38 134 27
32 39 34 25
32 40 77 42
32 41 170 66
32 42 148 65
32 43 33 51
32 44 23 96
32 45 61 93
32 46 120 25
32 47 169 26
32 48 219 36
32 49 68 75
33 34 13 79
33 35 201 18
33 36 138 96
33 37 237 54
33 38 83 61
33 39 213 7
33 40 143 1
33 41 155 28
33 42 182 12
33 43 217 84
33 44 204 37
33 45 129 91
33 46 96 38
33 47 91 10
33 48 161 93
33 49 210 52
34 35 188 21
34 36 134 14
34 37 229 38
34 38 75 76
34 39 201 19
34 40 130 30
34 41 151 65
34 42 175 84
34 43 204 49
34 44 191 25
34 45 117 63
34 46 83 3
34 47 89 71
34 48 161 70
34 49 198 71
35 36 231 99
35 37 231 73
35 38 179 40
35 39 115 34
35 40 59 34
35 41 240 69
35 42 227 13
35 43 74 34
35 44 71 70
35 45 112 43
35 46 107 39
35 47 219 15
35 48 283 9
35 49 155 55
36 37 118 43
36 38 67 77
36 39 167 98
36 40 181 4
36 41 17 1
36 42 54 8
36 43 199 37
36 44 189 53
36 45 119 66
36 46 170 60
36 47 47 57
36 48 52 49
36 49 136 55
37 38 154 83
37 39 122 39
37 40 205 30
37 41 106 52
37 42 64 31
37 43 167 15
37 44 164 75
37 45 145 9
37 46 224 45
37 47 159 73
37 48 151 65
37 49 77 42
38 39 148 67
38 40 123 97
38 41 83 30
38 42 101 44
38 43 166 60
38 44 154 50
38 45 74 68
38 46 104 76
38 47 39 74
38 48 110 28
38 49 134 30
39 40 111 12
39 41 168 29
39 42 139 52
39 43 45 39
39 44 44 59
39 45 84 45
39 46 153 11
39 47 180 95
39 48 219 35
39 49 44 76
40 41 192 41
40 42 186 80
40 43 89 11
40 44 79 28
40 45 65 78
40 46 52 32
40 47 163 57
40 48 231 5
40 49 138 97
41 42 42 81
41 43 203 44
41 44 193 68
41 45 128 10
41 46 184 59
41 47 65 33
41 48 51 93
41 49 133 15
42 43 178 53
42 44 171 84
42 45 120 20
42 46 190 63
42 47 97 5
42 48 90 11
42 49 99 47
43 44 12 95
43 45 93 54
43 46 139 100
43 47 202 56
43 48 252 99
43 49 89 75
44 45 81 32
44 46 128 10
44 47 191 81
44 48 242 69
44 49 86 3
45 46 81 37
45 47 111 75
45 48 171 90
45 49 89 1
46 47 139 29
46 48 214 53
46 49 168 4
47 48 75 73
47 49 158 59
48 49 184 35
