20
10
5
4
11
13
4
15
2
20
12
0 1 20 200
0 2 19 190
0 3 26 260
0 4 15 150
0 5 5 50
0 6 5 50
0 7 8 80
0 8 23 230
0 9 33 330
0 10 5 50
0 11 10 100
0 12 6 60
0 13 20 200
0 14 23 230
0 15 29 290
0 16 7 70
0 17 12 120
0 18 19 190
0 19 10 100
1 2 24 240
1 3 32 320
1 4 16 160
1 5 24 240
1 6 17 170
1 7 24 240
1 8 24 240
1 9 25 250
1 10 25 250
1 11 10 100
1 12 15 150
1 13 2 20
1 14 10 100
1 15 19 190
1 16 15 150
1 17 10 100
1 18 31 310
1 19 25 250
2 3 8 80
2 4 7 70
2 5 17 170
2 6 14 140
2 7 13 130
2 8 4 40
2 9 18 180
2 10 21 210
2 11 18 180
2 12 15 150
2 13 25 250
2 14 18 180
2 15 18 180
2 16 14 140
2 17 14 140
2 18 10 100
2 19 12 120
3 4 16 160
3 5 22 220
3 6 21 210
3 7 18 180
3 8 8 80
3 9 22 220
3 10 27 270
3 11 26 260
3 12 22 220
3 13 34 340
3 14 26 260
3 15 23 230
3 16 21 210
3 17 23 230
3 18 8 80
3 19 16 160
4 5 15 150
4 6 10 100
4 7 13 130
4 8 9 90
4 9 17 170
4 10 19 190
4 11 11 110
4 12 9 90
4 13 17 170
4 14 12 120
4 15 14 140
4 16 8 80
4 17 7 70
4 18 16 160
4 19 13 130
5 6 7 70
5 7 4 40
5 8 21 210
5 9 33 330
5 10 5 50
5 11 14 140
5 12 9 90
5 13 24 240
5 14 25 250
5 15 30 300
5 16 9 90
5 17 15 150
5 18 15 150
5 19 6 60
6 7 6 60
6 8 17 170
6 9 27 270
6 10 10 100
6 11 7 70
6 12 2 20
6 13 18 180
6 14 18 180
6 15 24 240
6 16 2 20
6 17 8 80
6 18 16 160
6 19 8 80
7 8 17 170
7 9 30 300
7 10 9 90
7 11 14 140
7 12 8 80
7 13 24 240
7 14 24 240
7 15 27 270
7 16 8 80
7 17 14 140
7 18 11 110
7 19 2 20
8 9 14 140
8 10 25 250
8 11 20 200
8 12 18 180
8 13 26 260
8 14 17 170
8 15 15 150
8 16 17 170
8 17 16 160
8 18 13 130
8 19 16 160
9 10 37 370
9 11 26 260
9 12 27 270
9 13 27 270
9 14 15 150
9 15 6 60
9 16 26 260
9 17 22 220
9 18 27 270
9 19 29 290
10 11 15 150
10 12 11 110
10 13 25 250
10 14 28 280
10 15 34 340
10 16 11 110
10 17 17 170
10 18 20 200
10 19 11 110
11 12 5 50
11 13 10 100
11 14 14 140
11 15 21 210
11 16 5 50
11 17 4 40
11 18 23 230
11 19 16 160
12 13 15 150
12 14 17 170
12 15 23 230
12 16 1 10
12 17 6 60
12 18 18 180
12 19 10 100
13 14 12 120
13 15 21 210
13 16 16 160
13 17 11 110
13 18 32 320
13 19 26 260
14 15 9 90
14 16 17 170
14 17 11 110
14 18 28 280
14 19 25 250
15 16 22 220
15 17 17 170
15 18 28 280
15 19 27 270
16 17 6 60
16 18 17 170
16 19 10 100
17 18 21 210
17 19 15 150
18 19 9 90
