20
10
5
4
4
7
17
14
20
8
7
4
6
2
15
1
19
18
13
17
9
3
14
10
20
16
11
12
5
0 1 11 110
0 2 17 170
0 3 20 200
0 4 15 150
0 5 9 90
0 6 18 180
0 7 15 150
0 8 22 220
0 9 3 30
0 10 27 270
0 11 30 300
0 12 16 160
0 13 16 160
0 14 21 210
0 15 20 200
0 16 9 90
0 17 22 220
0 18 10 100
0 19 14 140
1 2 9 90
1 3 11 110
1 4 10 100
1 5 12 120
1 6 10 100
1 7 4 40
1 8 11 110
1 9 13 130
1 10 16 160
1 11 19 190
1 12 8 80
1 13 12 120
1 14 14 140
1 15 14 140
1 16 6 60
1 17 20 200
1 18 17 170
1 19 5 50
2 3 18 180
2 4 4 40
2 5 11 110
2 6 1 10
2 7 8 80
2 8 13 130
2 9 17 170
2 10 12 120
2 11 15 150
2 12 16 160
2 13 6 60
2 14 5 50
2 15 22 220
2 16 15 150
2 17 12 120
2 18 16 160
2 19 14 140
3 4 21 210
3 5 23 230
3 6 19 190
3 7 10 100
3 8 8 80
3 9 23 230
3 10 17 170
3 11 20 200
3 12 4 40
3 13 23 230
3 14 22 220
3 15 6 60
3 16 11 110
3 17 30 300
3 18 28 280
3 19 6 60
4 5 7 70
4 6 4 40
4 7 11 110
4 8 17 170
4 9 14 140
4 10 16 160
4 11 19 190
4 12 18 180
4 13 2 20
4 14 7 70
4 15 24 240
4 16 15 150
4 17 9 90
4 18 12 120
4 19 16 160
5 6 12 120
5 7 15 150
5 8 22 220
5 9 8 80
5 10 23 230
5 11 26 260
5 12 19 190
5 13 7 70
5 14 15 150
5 15 25 250
5 16 14 140
5 17 13 130
5 18 5 50
5 19 17 170
6 7 9 90
6 8 13 130
6 9 18 180
6 10 11 110
6 11 14 140
6 12 17 170
6 13 6 60
6 14 4 40
6 15 23 230
6 16 16 160
6 17 12 120
6 18 17 170
6 19 15 150
7 8 7 70
7 9 17 170
7 10 12 120
7 11 15 150
7 12 8 80
7 13 13 130
7 14 12 120
7 15 14 140
7 16 9 90
7 17 20 200
7 18 20 200
7 19 6 60
8 9 24 240
8 10 9 90
8 11 12 120
8 12 9 90
8 13 19 190
8 14 15 150
8 15 14 140
8 16 14 140
8 17 26 260
8 18 27 270
8 19 9 90
9 10 28 280
9 11 31 310
9 12 19 190
9 13 15 150
9 14 21 210
9 15 23 230
9 16 12 120
9 17 21 210
9 18 7 70
9 19 17 170
10 11 3 30
10 12 18 180
10 13 17 170
10 14 11 110
10 15 23 230
10 16 21 210
10 17 22 220
10 18 28 280
10 19 17 170
11 12 21 210
11 13 20 200
11 14 13 130
11 15 26 260
11 16 25 250
11 17 24 240
11 18 31 310
11 19 20 200
12 13 20 200
12 14 20 200
12 15 6 60
12 16 7 70
12 17 28 280
12 18 24 240
12 19 2 20
13 14 7 70
13 15 26 260
13 16 17 170
13 17 7 70
13 18 12 120
13 19 18 180
14 15 26 260
14 16 20 200
14 17 11 110
14 18 19 190
14 19 18 180
15 16 11 110
15 17 34 340
15 18 29 290
15 19 8 80
16 17 25 250
16 18 18 180
16 19 5 50
17 18 15 150
17 19 26 260
18 19 22 220
