20
10
5
4
11
6
1
16
2
10
16
0 1 14 140
0 2 4 40
0 3 20 200
0 4 2 20
0 5 16 160
0 6 26 260
0 7 10 100
0 8 16 160
0 9 24 240
0 10 16 160
0 11 18 180
0 12 13 130
0 13 9 90
0 14 11 110
0 15 25 250
0 16 19 190
0 17 28 280
0 18 23 230
0 19 11 110
1 2 11 110
1 3 14 140
1 4 16 160
1 5 5 50
1 6 13 130
1 7 11 110
1 8 10 100
1 9 13 130
1 10 11 110
1 11 13 130
1 12 4 40
1 13 13 130
1 14 9 90
1 15 17 170
1 16 12 120
1 17 15 150
1 18 17 170
1 19 7 70
2 3 20 200
2 4 6 60
2 5 15 150
2 6 24 240
2 7 6 60
2 8 16 160
2 9 23 230
2 10 12 120
2 11 18 180
2 12 12 120
2 13 5 50
2 14 11 110
2 15 21 210
2 16 19 190
2 17 24 240
2 18 19 190
2 19 11 110
3 4 22 220
3 5 9 90
3 6 14 140
3 7 23 230
3 8 4 40
3 9 8 80
3 10 26 260
3 11 2 20
3 12 10 100
3 13 25 250
3 14 9 90
3 15 31 310
3 16 2 20
3 17 26 260
3 18 32 320
3 19 9 90
4 5 19 190
4 6 29 290
4 7 12 120
4 8 18 180
4 9 26 260
4 10 18 180
4 11 20 200
4 12 16 160
4 13 11 110
4 14 13 130
4 15 27 270
4 16 21 210
4 17 30 300
4 18 25 250
4 19 13 130
5 6 10 100
5 7 16 160
5 8 6 60
5 9 8 80
5 10 17 170
5 11 8 80
5 12 3 30
5 13 18 180
5 14 7 70
5 15 22 220
5 16 7 70
5 17 18 180
5 18 23 230
5 19 5 50
6 7 24 240
6 8 13 130
6 9 6 60
6 10 23 230
6 11 14 140
6 12 13 130
6 13 26 260
6 14 16 160
6 15 24 240
6 16 12 120
6 17 15 150
6 18 26 260
6 19 15 150
7 8 19 190
7 9 24 240
7 10 6 60
7 11 21 210
7 12 13 130
7 13 2 20
7 14 15 150
7 15 15 150
7 16 21 210
7 17 20 200
7 18 13 130
7 19 13 130
8 9 9 90
8 10 21 210
8 11 2 20
8 12 6 60
8 13 20 200
8 14 5 50
8 15 27 270
8 16 3 30
8 17 24 240
8 18 28 280
8 19 5 50
9 10 24 240
9 11 9 90
9 12 11 110
9 13 26 260
9 14 13 130
9 15 27 270
9 16 7 70
9 17 20 200
9 18 29 290
9 19 12 120
10 11 24 240
10 12 15 150
10 13 7 70
10 14 18 180
10 15 9 90
10 16 24 240
10 17 15 150
10 18 7 70
10 19 17 170
11 12 9 90
11 13 23 230
11 14 7 70
11 15 30 300
11 16 2 20
11 17 26 260
11 18 31 310
11 19 8 80
12 13 15 150
12 14 5 50
12 15 21 210
12 16 8 80
12 17 19 190
12 18 22 220
12 19 3 30
13 14 16 160
13 15 16 160
13 16 23 230
13 17 22 220
13 18 14 140
13 19 15 150
14 15 25 250
14 16 8 80
14 17 24 240
14 18 25 250
14 19 2 20
15 16 29 290
15 17 11 110
15 18 4 40
15 19 23 230
16 17 24 240
16 18 30 300
16 19 8 80
17 18 15 150
17 19 22 220
18 19 23 230
