20
10
5
4
4
18
10
3
15
11
1
5
3
6
17
7
20
13
16
18
19
14
15
4
0 1 21 210
0 2 11 110
0 3 4 40
0 4 11 110
0 5 13 130
0 6 10 100
0 7 18 180
0 8 2 20
0 9 7 70
0 10 28 280
0 11 29 290
0 12 28 280
0 13 15 150
0 14 15 150
0 15 17 170
0 16 12 120
0 17 26 260
0 18 17 170
0 19 26 260
1 2 16 160
1 3 19 190
1 4 14 140
1 5 13 130
1 6 11 110
1 7 6 60
1 8 21 210
1 9 26 260
1 10 14 140
1 11 8 80
1 12 19 190
1 13 9 90
1 14 5 50
1 15 6 60
1 16 10 100
1 17 11 110
1 18 4 40
1 19 7 70
2 3 7 70
2 4 15 150
2 5 3 30
2 6 5 50
2 7 10 100
2 8 9 90
2 9 18 180
2 10 27 270
2 11 24 240
2 12 31 310
2 13 7 70
2 14 11 110
2 15 16 160
2 16 13 130
2 17 25 250
2 18 14 140
2 19 18 180
3 4 12 120
3 5 9 90
3 6 8 80
3 7 15 150
3 8 2 20
3 9 11 110
3 10 28 280
3 11 27 270
3 12 29 290
3 13 12 120
3 14 13 130
3 15 17 170
3 16 12 120
3 17 26 260
3 18 16 160
3 19 23 230
4 5 15 150
4 6 10 100
4 7 16 160
4 8 12 120
4 9 13 130
4 10 17 170
4 11 21 210
4 12 17 170
4 13 15 150
4 14 11 110
4 15 9 90
4 16 4 40
4 17 15 150
4 18 10 100
4 19 21 210
5 6 4 40
5 7 7 70
5 8 11 110
5 9 19 190
5 10 25 250
5 11 21 210
5 12 29 290
5 13 4 40
5 14 8 80
5 15 13 130
5 16 12 120
5 17 22 220
5 18 12 120
5 19 15 150
6 7 7 70
6 8 10 100
6 9 17 170
6 10 22 220
6 11 19 190
6 12 25 250
6 13 5 50
6 14 6 60
6 15 10 100
6 16 7 70
6 17 19 190
6 18 9 90
6 19 15 150
7 8 17 170
7 9 24 240
7 10 20 200
7 11 14 140
7 12 25 250
7 13 3 30
7 14 5 50
7 15 10 100
7 16 12 120
7 17 17 170
7 18 8 80
7 19 8 80
8 9 9 90
8 10 29 290
8 11 29 290
8 12 30 300
8 13 14 140
8 14 15 150
8 15 18 180
8 16 13 130
8 17 27 270
8 18 17 170
8 19 25 250
9 10 30 300
9 11 34 340
9 12 29 290
9 13 22 220
9 14 21 210
9 15 21 210
9 16 15 150
9 17 28 280
9 18 22 220
9 19 32 320
10 11 13 130
10 12 7 70
10 13 22 220
10 14 17 170
10 15 11 110
10 16 16 160
10 17 2 20
10 18 13 130
10 19 19 190
11 12 20 200
11 13 17 170
11 14 13 130
11 15 12 120
11 16 18 180
11 17 11 110
11 18 12 120
11 19 8 80
12 13 26 260
12 14 21 210
12 15 15 150
12 16 17 170
12 17 9 90
12 18 17 170
12 19 25 250
13 14 5 50
13 15 11 110
13 16 11 110
13 17 19 190
13 18 9 90
13 19 11 110
14 15 5 50
14 16 7 70
14 17 14 140
14 18 3 30
14 19 10 100
15 16 5 50
15 17 9 90
15 18 2 20
15 19 13 130
16 17 14 140
16 18 6 60
16 19 17 170
17 18 10 100
17 19 16 160
18 19 11 110
