20
10
5
4
19
4
1
13
1
4
0 1 46 460
0 2 43 430
0 3 74 740
0 4 30 300
0 5 66 660
0 6 5 50
0 7 76 760
0 8 71 710
0 9 52 520
0 10 67 670
0 11 60 600
0 12 67 670
0 13 51 510
0 14 52 520
0 15 59 590
0 16 50 500
0 17 55 550
0 18 37 370
0 19 23 230
1 2 22 220
1 3 53 530
1 4 45 450
1 5 20 200
1 6 44 440
1 7 30 300
1 8 38 380
1 9 33 330
1 10 54 540
1 11 31 310
1 12 28 280
1 13 13 130
1 14 24 240
1 15 42 420
1 16 4 40
1 17 36 360
1 18 21 210
1 19 28 280
2 3 34 340
2 4 27 270
2 5 40 400
2 6 39 390
2 7 46 460
2 8 28 280
2 9 53 530
2 10 32 320
2 11 17 170
2 12 25 250
2 13 14 140
2 14 46 460
2 15 63 630
2 16 23 230
2 17 57 570
2 18 7 70
2 19 19 190
3 4 47 470
3 5 62 620
3 6 69 690
3 7 63 630
3 8 21 210
3 9 86 860
3 10 10 100
3 11 21 210
3 12 32 320
3 13 40 400
3 14 77 770
3 15 95 950
3 16 51 510
3 17 89 890
3 18 41 410
3 19 51 510
4 5 65 650
4 6 25 250
4 7 73 730
4 8 52 520
4 9 67 670
4 10 39 390
4 11 41 410
4 12 52 520
4 13 41 410
4 14 63 630
4 15 76 760
4 16 47 470
4 17 71 710
4 18 25 250
4 19 18 180
5 6 64 640
5 7 10 100
5 8 42 420
5 9 35 350
5 10 66 660
5 11 41 410
5 12 30 300
5 13 26 260
5 14 26 260
5 15 41 410
5 16 17 170
5 17 37 370
5 18 40 400
5 19 49 490
6 7 74 740
6 8 67 670
6 9 53 530
6 10 62 620
6 11 56 560
6 12 63 630
6 13 47 470
6 14 51 510
6 15 60 600
6 16 48 480
6 17 56 560
6 18 32 320
6 19 19 190
7 8 42 420
7 9 44 440
7 10 69 690
7 11 43 430
7 12 31 310
7 13 32 320
7 14 35 350
7 15 50 500
7 16 26 260
7 17 46 460
7 18 48 480
7 19 58 580
8 9 70 700
8 10 29 290
8 11 11 110
8 12 12 120
8 13 25 250
8 14 61 610
8 15 79 790
8 16 35 350
8 17 73 730
8 18 34 340
8 19 48 480
9 10 86 860
9 11 64 640
9 12 59 590
9 13 46 460
9 14 9 90
9 15 9 90
9 16 35 350
9 17 3 30
9 18 49 490
9 19 49 490
10 11 25 250
10 12 38 380
10 13 41 410
10 14 78 780
10 15 95 950
10 16 53 530
10 17 89 890
10 18 38 380
10 19 46 460
11 12 14 140
11 13 18 180
11 14 56 560
11 15 73 730
11 16 29 290
11 17 68 680
11 18 24 240
11 19 37 370
12 13 17 170
12 14 50 500
12 15 67 670
12 16 24 240
12 17 62 620
12 18 31 310
12 19 44 440
13 14 37 370
13 15 55 550
13 16 11 110
13 17 49 490
13 18 16 160
13 19 29 290
14 15 17 170
14 16 26 260
14 17 12 120
14 18 42 420
14 19 44 440
15 16 44 440
15 17 5 50
15 18 58 580
15 19 57 570
16 17 38 380
16 18 23 230
16 19 32 320
17 18 53 530
17 19 52 520
18 19 13 130
