20
10
5
4
3
15
5
14
1
8
0 1 38 380
0 2 18 180
0 3 32 320
0 4 26 260
0 5 14 140
0 6 11 110
0 7 9 90
0 8 36 360
0 9 25 250
0 10 11 110
0 11 34 340
0 12 26 260
0 13 22 220
0 14 31 310
0 15 6 60
0 16 22 220
0 17 33 330
0 18 26 260
0 19 35 350
1 2 26 260
1 3 15 150
1 4 26 260
1 5 28 280
1 6 26 260
1 7 29 290
1 8 24 240
1 9 18 180
1 10 29 290
1 11 4 40
1 12 33 330
1 13 28 280
1 14 15 150
1 15 33 330
1 16 25 250
1 17 25 250
1 18 15 150
1 19 10 100
2 3 15 150
2 4 29 290
2 5 20 200
2 6 13 130
2 7 14 140
2 8 36 360
2 9 22 220
2 10 7 70
2 11 22 220
2 12 10 100
2 13 27 270
2 14 14 140
2 15 12 120
2 16 4 40
2 17 34 340
2 18 11 110
2 19 29 290
3 4 32 320
3 5 29 290
3 6 23 230
3 7 25 250
3 8 35 350
3 9 23 230
3 10 21 210
3 11 13 130
3 12 18 180
3 13 32 320
3 14 1 10
3 15 26 260
3 16 12 120
3 17 34 340
3 18 7 70
3 19 23 230
4 5 12 120
4 6 17 170
4 7 18 180
4 8 10 100
4 9 9 90
4 10 26 260
4 11 24 240
4 12 40 400
4 13 4 40
4 14 31 310
4 15 25 250
4 16 31 310
4 17 7 70
4 18 26 260
4 19 17 170
5 6 7 70
5 7 6 60
5 8 22 220
5 9 12 120
5 10 15 150
5 11 25 250
5 12 31 310
5 13 8 80
5 14 28 280
5 15 13 130
5 16 23 230
5 17 19 190
5 18 22 220
5 19 23 230
6 7 2 20
6 8 26 260
6 9 14 140
6 10 8 80
6 11 22 220
6 12 23 230
6 13 15 150
6 14 22 220
6 15 8 80
6 16 16 160
6 17 24 240
6 18 16 160
6 19 24 240
7 8 27 270
7 9 15 150
7 10 9 90
7 11 24 240
7 12 25 250
7 13 14 140
7 14 24 240
7 15 7 70
7 16 18 180
7 17 24 240
7 18 18 180
7 19 26 260
8 9 13 130
8 10 34 340
8 11 24 240
8 12 46 460
8 13 14 140
8 14 35 350
8 15 34 340
8 16 38 380
8 17 3 30
8 18 30 300
8 19 14 140
9 10 21 210
9 11 15 150
9 12 33 330
9 13 10 100
9 14 22 220
9 15 22 220
9 16 24 240
9 17 12 120
9 18 17 170
9 19 11 110
10 11 25 250
10 12 16 160
10 13 23 230
10 14 20 200
10 15 5 50
10 16 11 110
10 17 32 320
10 18 16 160
10 19 30 300
11 12 29 290
11 13 25 250
11 14 12 120
11 15 28 280
11 16 21 210
11 17 24 240
11 18 11 110
11 19 10 100
12 13 38 380
12 14 18 180
12 15 20 200
12 16 8 80
12 17 45 450
12 18 18 180
12 19 37 370
13 14 31 310
13 15 21 210
13 16 30 300
13 17 11 110
13 18 25 250
13 19 20 200
14 15 25 250
14 16 11 110
14 17 34 340
14 18 6 60
14 19 22 220
15 16 16 160
15 17 31 310
15 18 20 200
15 19 32 320
16 17 36 360
16 18 10 100
16 19 29 290
17 18 29 290
17 19 15 150
18 19 19 190
