55
7
100
10
30
32
8
49
43
51
1
35
31
11
1
5
0 1 56 95
0 2 120 69
0 3 149 55
0 4 39 90
0 5 124 41
0 6 144 75
0 7 159 4
0 8 218 56
0 9 179 28
0 10 178 72
0 11 176 81
0 12 242 72
0 13 113 41
0 14 209 15
0 15 41 50
0 16 120 78
0 17 134 5
0 18 58 55
0 19 238 65
0 20 110 45
0 21 119 85
0 22 85 84
0 23 153 17
0 24 55 5
0 25 183 9
0 26 113 82
0 27 156 47
0 28 109 19
0 29 74 5
0 30 139 95
0 31 140 44
0 32 134 25
0 33 106 64
0 34 77 74
0 35 62 90
0 36 135 17
0 37 137 46
0 38 129 49
0 39 28 53
0 40 208 83
0 41 118 78
0 42 72 13
0 43 70 35
0 44 113 87
0 45 177 12
0 46 36 59
0 47 150 38
0 48 197 93
0 49 131 2
0 50 18 87
0 51 162 91
0 52 41 91
0 53 103 12
0 54 133 33
1 2 172 10
1 3 204 29
1 4 72 84
1 5 178 82
1 6 198 86
1 7 210 23
1 8 256 54
1 9 235 24
1 10 232 59
1 11 232 62
1 12 296 36
1 13 164 48
1 14 259 54
1 15 24 92
1 16 105 60
1 17 138 100
1 18 87 53
1 19 292 20
1 20 145 63
1 21 174 73
1 22 125 24
1 23 181 1
1 24 111 77
1 25 227 70
1 26 168 15
1 27 188 85
1 28 164 64
1 29 123 45
1 30 177 6
1 31 193 23
1 32 185 52
1 33 135 100
1 34 106 39
1 35 24 45
1 36 174 17
1 37 189 46
1 38 103 23
1 39 53 22
1 40 250 90
1 41 152 99
1 42 51 70
1 43 124 13
1 44 154 64
1 45 230 75
1 46 21 81
1 47 198 97
1 48 239 9
1 49 136 89
1 50 74 77
1 51 204 51
1 52 94 74
1 53 92 55
1 54 182 79
2 3 96 25
2 4 139 53
2 5 94 8
2 6 109 79
2 7 134 13
2 8 228 12
2 9 113 85
2 10 134 18
2 11 71 52
2 12 124 8
2 13 10 21
2 14 181 81
2 15 162 26
2 16 231 4
2 17 147 52
2 18 150 97
2 19 122 68
2 20 71 34
2 21 74 79
2 22 140 70
2 23 207 58
2 24 73 59
2 25 188 15
2 26 27 48
2 27 198 89
2 28 27 98
2 29 112 58
2 30 174 51
2 31 20 85
2 32 14 36
2 33 171 62
2 34 158 95
2 35 183 5
2 36 61 31
2 37 17 54
2 38 245 31
2 39 143 82
2 40 210 35
2 41 72 31
2 42 158 94
2 43 90 21
2 44 50 56
2 45 138 33
2 46 151 8
2 47 149 92
2 48 203 24
2 49 222 77
2 50 106 89
2 51 177 78
2 52 105 23
2 53 214 51
2 54 132 47
3 4 140 67
3 5 28 24
3 6 19 6
3 7 42 21
3 8 139 13
3 9 30 81
3 10 38 61
3 11 69 41
3 12 138 37
3 13 103 59
3 14 85 86
3 15 184 4
3 16 216 33
3 17 233 42
3 18 139 89
3 19 128 41
3 20 162 55
3 21 31 78
3 22 106 61
3 23 144 78
3 24 97 13
3 25 99 58
3 26 70 98
3 27 129 32
3 28 73 88
3 29 88 84
3 30 107 8
3 31 96 97
3 32 103 92
3 33 129 17
3 34 134 45
3 35 203 33
3 36 157 42
3 37 100 37
3 38 237 43
3 39 155 12
3 40 118 22
3 41 165 66
3 42 214 13
3 43 80 77
3 44 144 5
3 45 41 99
3 46 185 78
3 47 66 1
3 48 113 6
3 49 187 8
3 50 131 17
3 51 96 2
3 52 110 58
3 53 202 9
3 54 57 56
4 5 112 98
4 6 130 90
4 7 140 8
4 8 185 40
4 9 171 37
4 10 163 56
4 11 182 49
4 12 253 41
4 13 134 5
4 14 187 13
4 15 49 32
4 16 92 31
4 17 173 26
4 18 19 42
4 19 247 39
4 20 145 56
4 21 114 2
4 22 52 67
4 23 115 68
4 24 65 23
4 25 154 50
4 26 124 43
4 27 119 88
4 28 120 6
4 29 53 85
4 30 106 5
4 31 157 82
4 32 153 30
4 33 67 91
4 34 38 87
4 35 64 58
4 36 166 11
4 37 156 52
4 38 106 96
4 39 19 3
4 40 178 17
4 41 152 52
4 42 106 86
4 43 62 17
4 44 144 98
4 45 160 43
4 46 60 29
4 47 125 36
4 48 166 11
4 49 93 57
4 50 39 97
4 51 131 75
4 52 35 97
4 53 75 80
4 54 110 18
5 6 20 48
5 7 43 46
5 8 134 76
5 9 58 92
5 10 55 45
5 11 88 39
5 12 160 60
5 13 98 89
5 14 94 73
5 15 157 37
5 16 189 70
5 17 219 92
5 18 110 75
5 19 151 53
5 20 152 14
5 21 19 44
5 22 78 41
5 23 124 13
5 24 75 100
5 25 93 71
5 26 66 89
5 27 111 7
5 28 67 94
5 29 60 46
5 30 87 94
5 31 100 58
5 32 104 21
5 33 103 30
5 34 106 43
5 35 175 98
5 36 153 18
5 37 103 13
5 38 209 58
5 39 128 9
5 40 115 70
5 41 156 36
5 42 191 15
5 43 54 19
5 44 137 64
5 45 55 75
5 46 160 17
5 47 55 39
5 48 108 31
5 49 161 21
5 50 106 62
5 51 84 76
5 52 84 86
5 53 174 41
5 54 40 67
6 7 25 4
6 8 121 71
6 9 43 75
6 10 34 83
6 11 89 77
6 12 157 68
6 13 114 42
6 14 75 89
6 15 176 12
6 16 201 34
6 17 239 27
6 18 126 45
6 19 148 54
6 20 171 79
6 21 36 7
6 22 91 99
6 23 125 26
6 24 96 46
6 25 81 35
6 26 81 30
6 27 110 47
6 28 83 29
6 29 77 54
6 30 87 5
6 31 111 71
6 32 117 65
6 33 112 72
6 34 119 73
6 35 194 34
6 36 169 18
6 37 115 15
6 38 223 70
6 39 147 63
6 40 101 55
6 41 174 47
6 42 212 84
6 43 74 11
6 44 154 72
6 45 34 23
6 46 180 9
6 47 47 98
6 48 96 38
6 49 170 15
6 50 126 16
6 51 77 71
6 52 104 6
6 53 188 21
6 54 38 55
7 8 96 94
7 9 54 65
7 10 27 70
7 11 111 75
7 12 176 45
7 13 140 5
7 14 52 74
7 15 188 39
7 16 201 46
7 17 262 24
7 18 132 62
7 19 166 95
7 20 195 24
7 21 61 16
7 22 93 1
7 23 111 47
7 24 115 24
7 25 57 36
7 26 107 11
7 27 94 36
7 28 109 13
7 29 87 68
7 30 74 12
7 31 137 5
7 32 143 87
7 33 108 91
7 34 122 57
7 35 204 14
7 36 195 34
7 37 141 97
7 38 224 83
7 39 158 85
7 40 76 65
7 41 199 25
7 42 229 88
7 43 90 26
7 44 179 42
7 45 22 88
7 46 193 16
7 47 28 90
7 48 71 41
7 49 164 42
7 50 142 21
7 51 56 53
7 52 118 22
7 53 189 72
7 54 31 65
8 9 143 87
8 10 111 82
8 11 205 76
8 12 265 28
8 13 233 92
8 14 73 3
8 15 232 59
8 16 204 99
8 17 340 51
8 18 169 79
8 19 255 94
8 20 283 18
8 21 154 17
8 22 133 42
8 23 86 31
8 24 192 60
8 25 40 36
8 26 201 61
8 27 71 81
8 28 201 63
8 29 147 93
8 30 79 45
8 31 233 13
8 32 238 1
8 33 122 3
8 34 151 40
8 35 241 51
8 36 287 39
8 37 236 22
8 38 229 34
8 39 204 13
8 40 22 25
8 41 287 52
8 42 290 64
8 43 162 68
8 44 269 27
8 45 104 53
8 46 245 26
8 47 79 17
8 48 25 31
8 49 155 76
8 50 205 46
8 51 56 37
8 52 180 10
8 53 199 49
8 54 97 45
9 10 32 35
9 11 65 56
9 12 123 43
9 13 122 53
9 14 77 42
9 15 215 75
9 16 245 21
9 17 257 90
9 18 169 74
9 19 113 64
9 20 183 69
9 21 61 51
9 22 134 51
9 23 164 89
9 24 127 81
9 25 107 23
9 26 91 55
9 27 148 10
9 28 94 52
9 29 118 12
9 30 127 72
9 31 108 67
9 32 117 35
9 33 155 63
9 34 163 58
9 35 234 4
9 36 174 75
9 37 113 5
9 38 267 42
9 39 186 74
9 40 121 26
9 41 185 71
9 42 243 44
9 43 111 80
9 44 164 33
9 45 39 5
9 46 216 6
9 47 82 60
9 48 119 47
9 49 213 4
9 50 161 76
9 51 110 45
9 52 141 18
9 53 231 62
9 54 80 41
10 11 96 41
10 12 155 68
10 13 141 80
10 14 48 12
10 15 210 86
10 16 228 22
10 17 271 23
10 18 157 98
10 19 144 29
10 20 200 2
10 21 67 76
10 22 119 54
10 23 138 38
10 24 130 86
10 25 75 63
10 26 109 66
10 27 120 56
10 28 111 46
10 29 109 75
10 30 101 53
10 31 132 74
10 32 140 61
10 33 136 15
10 34 148 38
10 35 227 100
10 36 195 48
10 37 137 60
10 38 251 14
10 39 180 11
10 40 89 17
10 41 203 59
10 42 247 12
10 43 108 44
10 44 182 81
10 45 7 82
10 46 214 57
10 47 55 69
10 48 87 27
10 49 192 42
10 50 161 2
10 51 81 90
10 52 138 63
10 53 216 10
10 54 59 69
11 12 72 88
11 13 81 67
11 14 142 19
11 15 217 9
11 16 269 68
11 17 218 73
11 18 187 67
11 19 65 34
11 20 141 66
11 21 74 92
11 22 163 81
11 23 212 32
11 24 121 31
11 25 168 98
11 26 64 32
11 27 198 8
11 28 68 73
11 29 138 11
11 30 175 37
11 31 56 48
11 32 67 42
11 33 190 37
11 34 188 11
11 35 237 62
11 36 124 50
11 37 62 67
11 38 287 69
11 39 192 16
11 40 184 46
11 41 140 22
11 42 226 81
11 43 121 57
11 44 120 32
11 45 102 97
11 46 211 29
11 47 136 86
11 48 181 36
11 49 247 82
11 50 159 30
11 51 166 91
11 52 147 98
11 53 253 98
11 54 126 6
12 13 133 53
12 14 196 2
12 15 283 81
12 16 341 66
12 17 255 21
12 18 259 94
12 19 11 36
12 20 181 98
12 21 147 62
12 22 235 96
12 23 283 74
12 24 189 84
12 25 231 88
12 26 130 55
12 27 267 94
12 28 134 82
12 29 210 75
12 30 245 88
12 31 104 57
12 32 114 34
12 33 263 24
12 34 260 66
12 35 305 82
12 36 155 56
12 37 109 38
12 38 359 55
12 39 261 40
12 40 243 52
12 41 178 37
12 42 282 27
12 43 193 58
12 44 161 85
12 45 162 25
12 46 275 46
12 47 203 14
12 48 242 77
12 49 320 86
12 50 226 31
12 51 233 42
12 52 217 44
12 53 325 75
12 54 196 25
13 14 188 80
13 15 154 13
13 16 226 75
13 17 138 71
13 18 146 56
13 19 131 88
13 20 62 62
13 21 79 98
13 22 139 77
13 23 207 84
13 24 69 4
13 25 192 17
13 26 32 100
13 27 199 72
13 28 31 74
13 29 111 79
13 30 175 6
13 31 29 91
13 32 20 74
13 33 170 36
13 34 155 81
13 35 176 99
13 36 55 87
13 37 24 28
13 38 239 48
13 39 137 17
13 40 214 19
13 41 63 50
13 42 149 68
13 43 89 62
13 44 42 70
13 45 145 98
13 46 143 96
13 47 153 96
13 48 207 6
13 49 219 22
13 50 100 53
13 51 180 59
13 52 101 38
13 53 209 48
13 54 136 86
14 15 236 73
14 16 236 82
14 17 314 60
14 18 177 63
14 19 185 65
14 20 246 87
14 21 111 72
14 22 137 73
14 23 128 95
14 24 168 11
14 25 52 15
14 26 155 65
14 27 109 51
14 28 157 89
14 29 136 82
14 30 99 99
14 31 180 57
14 32 188 40
14 33 142 78
14 34 163 71
14 35 250 8
14 36 243 83
14 37 185 100
14 38 260 62
14 39 206 60
14 40 51 21
14 41 249 93
14 42 281 47
14 43 141 16
14 44 229 95
14 45 43 99
14 46 243 5
14 47 62 83
14 48 55 100
14 49 192 90
14 50 193 89
14 51 70 50
14 52 168 73
14 53 226 84
14 54 77 81
15 16 92 35
15 17 149 65
15 18 63 13
15 19 279 65
15 20 144 4
15 21 155 74
15 22 101 69
15 23 157 23
15 24 95 5
15 25 203 22
15 26 153 27
15 27 164 67
15 28 150 16
15 29 101 76
15 30 153 16
15 31 182 28
15 32 175 51
15 33 111 66
15 34 81 49
15 35 21 81
15 36 171 6
15 37 178 75
15 38 94 81
15 39 30 63
15 40 226 93
15 41 151 37
15 42 68 61
15 43 104 18
15 44 150 86
15 45 208 29
15 46 21 12
15 47 174 9
15 48 214 64
15 49 116 43
15 50 57 21
15 51 180 63
15 52 73 7
15 53 76 92
15 54 158 82
16 17 241 3
16 18 82 26
16 19 334 12
16 20 231 32
16 21 196 87
16 22 110 32
16 23 118 3
16 24 157 46
16 25 189 98
16 26 214 72
16 27 134 41
16 28 211 28
16 29 131 43
16 30 137 53
16 31 249 93
16 32 245 7
16 33 93 3
16 34 82 28
16 35 81 3
16 36 255 42
16 37 248 16
16 38 25 46
16 39 93 53
16 40 207 43
16 41 238 9
16 42 157 47
16 43 148 17
16 44 233 18
16 45 223 70
16 46 113 59
16 47 177 15
16 48 195 68
16 49 50 39
16 50 128 44
16 51 167 23
16 52 126 12
16 53 17 20
16 54 169 76
17 18 192 29
17 19 257 36
17 20 77 34
17 21 203 35
17 22 214 35
17 23 286 7
17 24 149 11
17 25 302 8
17 26 165 25
17 27 286 47
17 28 162 82
17 29 194 6
17 30 267 95
17 31 162 80
17 32 151 68
17 33 239 44
17 34 211 66
17 35 162 44
17 36 100 71
17 37 156 53
17 38 241 16
17 39 159 82
17 40 327 68
17 41 78 86
17 42 87 75
17 43 178 39
17 44 98 92
17 45 273 74
17 46 128 97
17 47 264 34
17 48 317 58
17 49 263 78
17 50 140 99
17 51 284 100
17 52 163 92
17 53 226 8
17 54 245 55
18 19 252 23
18 20 162 62
18 21 115 94
18 22 40 67
18 23 96 56
18 24 76 28
18 25 140 74
18 26 132 73
18 27 102 98
18 28 129 94
18 29 51 32
18 30 90 2
18 31 167 21
18 32 164 60
18 33 49 34
18 34 19 42
18 35 74 19
18 36 181 50
18 37 166 83
18 38 100 76
18 39 36 53
18 40 164 23
18 41 169 75
18 42 125 27
18 43 65 67
18 44 159 23
18 45 154 74
18 46 77 49
18 47 115 51
18 48 152 70
18 49 76 10
18 50 56 24
18 51 117 73
18 52 45 86
18 53 66 50
18 54 101 46
19 20 181 1
19 21 139 93
19 22 228 17
19 23 273 71
19 24 184 68
19 25 220 26
19 26 125 69
19 27 258 7
19 28 129 54
19 29 203 91
19 30 236 3
19 31 102 82
19 32 112 91
19 33 255 76
19 34 253 51
19 35 300 77
19 36 157 43
19 37 107 32
19 38 352 9
19 39 256 53
19 40 232 77
19 41 179 44
19 42 280 82
19 43 186 77
19 44 161 60
19 45 152 78
19 46 271 6
19 47 193 100
19 48 232 7
19 49 312 59
19 50 221 48
19 51 223 51
19 52 212 32
19 53 318 40
19 54 186 18
20 21 135 18
20 22 170 69
20 23 242 47
20 24 95 31
20 25 243 88
20 26 92 22
20 27 238 40
20 28 89 19
20 29 144 31
20 30 216 60
20 31 85 44
20 32 73 81
20 33 199 71
20 34 177 9
20 35 163 63
20 36 30 85
20 37 78 20
20 38 238 82
20 39 138 8
20 40 267 6
20 41 7 47
20 42 111 47
20 43 124 70
20 44 21 39
20 45 203 90
20 46 127 72
20 47 204 28
20 48 258 86
20 49 238 44
20 50 106 33
20 51 227 42
20 52 120 45
20 53 214 22
20 54 185 79
21 22 88 56
21 23 141 5
21 24 66 47
21 25 113 41
21 26 46 70
21 27 129 88
21 28 48 2
21 29 65 82
21 30 105 73
21 31 80 65
21 32 84 75
21 33 116 40
21 34 114 23
21 35 175 85
21 36 134 48
21 37 83 92
21 38 216 74
21 39 127 59
21 40 135 98
21 41 138 16
21 42 182 11
21 43 52 66
21 44 118 63
21 45 69 55
21 46 155 82
21 47 75 37
21 48 128 76
21 49 173 73
21 50 100 35
21 51 103 76
21 52 82 53
21 53 181 7
21 54 59 35
22 23 73 41
22 24 75 41
22 25 101 1
22 26 117 83
22 27 72 7
22 28 115 27
22 29 28 26
22 30 54 34
22 31 154 15
22 32 154 23
22 33 31 53
22 34 28 6
22 35 113 90
22 36 184 13
22 37 155 85
22 38 132 99
22 39 72 67
22 40 125 27
22 41 176 33
22 42 157 74
22 43 50 35
22 44 162 24
22 45 115 51
22 46 112 72
22 47 75 78
22 48 114 61
22 49 85 9
22 50 74 70
22 51 79 52
22 52 51 45
22 53 97 8
22 54 62 72
23 24 147 65
23 25 76 79
23 26 181 40
23 27 18 26
23 28 180 77
23 29 98 13
23 30 37 29
23 31 218 36
23 32 220 87
23 33 47 79
23 34 77 77
23 35 162 90
23 36 255 45
23 37 220 44
23 38 143 36
23 39 133 77
23 40 91 1
23 41 249 38
23 42 222 32
23 43 120 15
23 44 234 86
23 45 131 93
23 46 174 77
23 47 82 7
23 48 79 28
23 49 69 89
23 50 146 1
23 51 59 1
23 52 124 5
23 53 113 19
23 54 86 77
24 25 153 95
24 26 59 73
24 27 143 41
24 28 55 9
24 29 49 42
24 30 121 12
24 31 92 26
24 32 88 3
24 33 105 89
24 34 86 84
24 35 116 58
24 36 109 58
24 37 90 35
24 38 172 79
24 39 71 76
24 40 178 26
24 41 101 41
24 42 117 75
24 43 30 61
24 44 87 47
24 45 130 23
24 46 91 75
24 47 115 72
24 48 168 77
24 49 150 26
24 50 37 86
24 51 135 14
24 52 31 88
24 53 140 36
24 54 96 33
25 26 160 76
25 27 58 54
25 28 161 100
25 29 110 86
25 30 53 81
25 31 192 16
25 32 198 40
25 33 99 5
25 34 123 36
25 35 214 45
25 36 246 51
25 37 196 65
25 38 214 78
25 39 174 16
25 40 25 10
25 41 247 26
25 42 256 47
25 43 123 30
25 44 228 80
25 45 68 75
25 46 214 21
25 47 39 27
25 48 15 40
25 49 143 66
25 50 170 21
25 51 23 33
25 52 144 54
25 53 181 47
25 54 57 2
26 27 171 18
26 28 4 23
26 29 89 94
26 30 147 18
26 31 37 37
26 32 39 37
26 33 148 57
26 34 137 96
26 35 175 53
26 36 87 13
26 37 39 22
26 38 230 36
26 39 131 1
26 40 182 72
26 41 94 83
26 42 162 32
26 43 68 95
26 44 73 61
26 45 112 10
26 46 147 69
26 47 121 96
26 48 175 54
26 49 201 66
26 50 96 21
26 51 149 11
26 52 88 80
26 53 198 67
26 54 105 33
27 28 170 48
27 29 94 84
27 30 24 6
27 31 208 7
27 32 210 12
27 33 53 91
27 34 82 52
27 35 172 97
27 36 249 84
27 37 210 75
27 38 159 54
27 39 139 88
27 40 73 38
27 41 244 50
27 42 226 27
27 43 114 28
27 44 229 51
27 45 113 94
27 46 180 73
27 47 65 13
27 48 61 48
27 49 86 24
27 50 146 72
27 51 40 77
27 52 123 13
27 53 128 6
27 54 72 12
28 29 87 45
28 30 146 33
28 31 39 93
28 32 40 81
28 33 146 45
28 34 135 94
28 35 171 85
28 36 86 9
28 37 40 18
28 38 227 38
28 39 127 81
28 40 183 24
28 41 92 3
28 42 158 99
28 43 66 24
28 44 71 24
28 45 114 35
28 46 143 17
28 47 122 10
28 48 176 22
28 49 198 87
28 50 92 83
28 51 149 12
28 52 85 58
28 53 195 19
28 54 105 13
29 30 73 99
29 31 126 34
29 32 126 3
29 33 59 97
29 34 50 95
29 35 117 88
29 36 157 15
29 37 127 85
29 38 151 51
29 39 71 77
29 40 135 37
29 41 150 61
29 42 146 93
29 43 22 45
29 44 135 76
29 45 107 38
29 46 107 76
29 47 76 51
29 48 125 91
29 49 111 87
29 50 59 98
29 51 90 12
29 52 33 29
29 53 116 78
29 54 59 35
30 31 184 77
30 32 186 81
30 33 46 69
30 34 72 67
30 35 163 19
30 36 226 59
30 37 186 31
30 38 161 46
30 39 125 87
30 40 74 70
30 41 222 75
30 42 212 4
30 43 92 56
30 44 206 68
30 45 95 58
30 46 166 57
30 47 45 1
30 48 62 31
30 49 93 86
30 50 128 90
30 51 30 82
30 52 104 98
30 53 128 2
30 54 49 46
31 32 11 14
31 33 185 10
31 34 174 78
31 35 203 54
31 36 68 62
31 37 6 58
31 38 264 52
31 39 162 62
31 40 213 70
31 41 84 80
31 42 178 89
31 43 105 53
31 44 63 40
31 45 137 4
31 46 172 19
31 47 155 45
31 48 207 43
31 49 238 40
31 50 125 41
31 51 184 58
31 52 122 98
31 53 232 70
31 54 139 34
32 33 185 40
32 34 172 67
32 35 196 26
32 36 57 54
32 37 5 72
32 38 259 85
32 39 157 87
32 40 219 78
32 41 73 57
32 42 168 10
32 43 104 98
32 44 52 48
32 45 145 57
32 46 164 10
32 47 160 55
32 48 213 7
32 49 236 53
32 50 120 92
32 51 188 58
32 52 119 33
32 53 228 73
32 54 143 19
33 34 29 12
33 35 119 42
33 36 214 44
33 37 186 6
33 38 117 5
33 39 86 80
33 40 120 72
33 41 205 59
33 42 174 72
33 43 81 94
33 44 193 56
33 45 130 59
33 46 127 4
33 47 83 13
33 48 108 88
33 49 58 51
33 50 99 39
33 51 76 56
33 52 79 37
33 53 83 23
33 54 77 35
34 35 91 19
34 36 195 45
34 37 174 35
34 38 103 64
34 39 56 72
34 40 146 78
34 41 183 82
34 42 144 21
34 43 69 85
34 44 173 18
34 45 144 58
34 46 97 70
34 47 101 77
34 48 134 72
34 49 64 65
34 50 73 89
34 51 100 91
34 52 57 84
34 53 68 15
34 54 90 42
35 36 191 15
35 37 200 1
35 38 79 6
35 39 47 5
35 40 237 30
35 41 170 13
35 42 76 63
35 43 123 63
35 44 170 25
35 45 224 90
35 46 37 11
35 47 188 2
35 48 225 54
35 49 113 41
35 50 78 90
35 51 191 53
35 52 92 97
35 53 68 32
35 54 174 54
36 37 62 13
36 38 264 61
36 39 162 13
36 40 269 13
36 41 25 77
36 42 142 61
36 43 135 87
36 44 22 14
36 45 199 18
36 46 155 88
36 47 207 34
36 48 261 70
36 49 257 91
36 50 127 100
36 51 233 40
36 52 138 5
36 53 238 1
36 54 189 20
37 38 262 27
37 39 160 68
37 40 217 85
37 41 78 98
37 42 173 80
37 43 105 4
37 44 57 82
37 45 142 85
37 46 168 95
37 47 158 25
37 48 211 44
37 49 238 15
37 50 123 57
37 51 187 14
37 52 121 63
37 53 231 37
37 54 142 94
38 39 103 79
38 40 232 78
38 41 246 56
38 42 154 22
38 43 166 34
38 44 243 7
38 45 246 51
38 46 114 11
38 47 201 63
38 48 220 73
38 49 74 92
38 50 140 99
38 51 191 53
38 52 141 74
38 53 35 73
38 54 192 99
39 40 198 37
39 41 145 56
39 42 88 100
39 43 75 22
39 44 140 94
39 45 178 85
39 46 41 12
39 47 144 13
39 48 186 4
39 49 104 23
39 50 36 28
39 51 151 48
39 52 45 21
39 53 76 8
39 54 128 57
40 41 271 52
40 42 281 87
40 43 148 77
40 44 252 21
40 45 82 89
40 46 238 60
40 47 63 55
40 48 12 77
40 49 159 26
40 50 194 54
40 51 46 82
40 52 169 80
40 53 201 6
40 54 82 39
41 42 118 56
41 43 130 39
41 44 21 49
41 45 206 61
41 46 134 9
41 47 208 5
41 48 262 2
41 49 245 42
41 50 113 28
41 51 232 40
41 52 127 81
41 53 222 58
41 54 189 94
42 43 139 28
42 44 126 46
42 45 246 24
42 46 48 92
42 47 223 56
42 48 270 92
42 49 185 32
42 50 88 7
42 51 235 59
42 52 113 97
42 53 143 80
42 54 205 9
43 44 114 17
43 45 107 83
43 46 106 17
43 47 86 62
43 48 138 11
43 49 132 83
43 50 52 80
43 51 105 83
43 52 30 51
43 53 132 37
43 54 67 79
44 45 186 16
44 46 135 60
44 47 189 43
44 48 244 52
44 49 235 3
44 50 105 32
44 51 215 48
44 52 116 45
44 53 216 29
44 54 171 94
45 46 212 46
45 47 49 82
45 48 80 31
45 49 186 77
45 50 159 32
45 51 74 50
45 52 136 58
45 53 211 13
45 54 54 70
46 47 183 78
46 48 226 81
46 49 137 4
46 50 54 98
46 51 191 11
46 52 76 12
46 53 98 96
46 54 166 9
47 48 54 19
47 49 137 49
47 50 135 50
47 51 30 70
47 52 110 17
47 53 166 32
47 54 19 95
48 49 148 73
48 50 183 83
48 51 34 28
48 52 158 87
48 53 189 60
48 54 73 51
49 50 132 87
49 51 122 6
49 52 120 96
49 53 50 45
49 54 134 57
50 51 149 32
50 52 25 1
50 53 111 75
50 54 117 97
51 52 124 88
51 53 158 92
51 54 44 10
52 53 109 93
52 54 92 96
53 54 157 68
