20
2
5
4
2
11
18
16
1
18
0 1 28 280
0 2 29 290
0 3 5 50
0 4 13 130
0 5 12 120
0 6 24 240
0 7 16 160
0 8 33 330
0 9 20 200
0 10 26 260
0 11 28 280
0 12 21 210
0 13 8 80
0 14 15 150
0 15 19 190
0 16 13 130
0 17 25 250
0 18 18 180
0 19 17 170
1 2 10 100
1 3 28 280
1 4 15 150
1 5 23 230
1 6 9 90
1 7 12 120
1 8 16 160
1 9 31 310
1 10 7 70
1 11 13 130
1 12 24 240
1 13 22 220
1 14 15 150
1 15 11 110
1 16 29 290
1 17 13 130
1 18 26 260
1 19 14 140
2 3 31 310
2 4 16 160
2 5 21 210
2 6 5 50
2 7 17 170
2 8 6 60
2 9 26 260
2 10 3 30
2 11 4 40
2 12 18 180
2 13 22 220
2 14 14 140
2 15 18 180
2 16 27 270
2 17 6 60
2 18 21 210
2 19 12 120
3 4 15 150
3 5 16 160
3 6 25 250
3 7 15 150
3 8 35 350
3 9 25 250
3 10 28 280
3 11 31 310
3 12 25 250
3 13 12 120
3 14 17 170
3 15 18 180
3 16 18 180
3 17 27 270
3 18 22 220
3 19 19 190
4 5 9 90
4 6 10 100
4 7 6 60
4 8 19 190
4 9 19 190
4 10 13 130
4 11 15 150
4 12 14 140
4 13 7 70
4 14 3 30
4 15 10 100
4 16 15 150
4 17 12 120
4 18 13 130
4 19 4 40
5 6 16 160
5 7 15 150
5 8 22 220
5 9 10 100
5 10 19 190
5 11 18 180
5 12 8 80
5 13 5 50
5 14 7 70
5 15 19 190
5 16 6 60
5 17 15 150
5 18 6 60
5 19 9 90
6 7 12 120
6 8 10 100
6 9 23 230
6 10 3 30
6 11 6 60
6 12 15 150
6 13 16 160
6 14 9 90
6 15 14 140
6 16 22 220
6 17 4 40
6 18 17 170
6 19 7 70
7 8 22 220
7 9 25 250
7 10 14 140
7 11 18 180
7 12 20 200
7 13 12 120
7 14 9 90
7 15 4 40
7 16 21 210
7 17 15 150
7 18 20 200
7 19 10 100
8 9 26 260
8 10 9 90
8 11 4 40
8 12 17 170
8 13 24 240
8 14 17 170
8 15 24 240
8 16 27 270
8 17 7 70
8 18 21 210
8 19 15 150
9 10 26 260
9 11 23 230
9 12 9 90
9 13 14 140
9 14 16 160
9 15 30 300
9 16 7 70
9 17 20 200
9 18 5 50
9 19 17 170
10 11 6 60
10 12 17 170
10 13 19 190
10 14 12 120
10 15 15 150
10 16 25 250
10 17 5 50
10 18 20 200
10 19 10 100
11 12 14 140
11 13 20 200
11 14 13 130
11 15 20 200
11 16 24 240
11 17 3 30
11 18 18 180
11 19 11 110
12 13 13 130
12 14 11 110
12 15 24 240
12 16 11 110
12 17 12 120
12 18 4 40
12 19 11 110
13 14 7 70
13 15 16 160
13 16 9 90
13 17 17 170
13 18 11 110
13 19 9 90
14 15 13 130
14 16 13 130
14 17 10 100
14 18 11 110
14 19 2 20
15 16 25 250
15 17 18 180
15 18 24 240
15 19 13 130
16 17 21 210
16 18 7 70
16 19 15 150
17 18 15 150
17 19 7 70
18 19 12 120
